Time	Io	Io_filtrado	Io_ref
0.00050000000000000001	0	0	1
0.001	1.2801031630260695	0.0075638973424583195	1
0.0015	2.0780565677114282	0.033774662545061715	1
0.002	2.3164294162825172	0.081718212107812285	1
0.0025000000000000001	1.6427101101612607	0.14507635525764606	1
0.0030000000000000001	-2.9032776183157694e-005	0.20715785808518442	1
0.0035000000000000001	-3.4034997042908799e-005	0.25770914293652736	1
0.0040000000000000001	-3.8994585338514298e-005	0.29781947745545811	1
0.0045000000000000005	-3.8994585338514298e-005	0.32854220029699399	1
0.005000000000000001	-3.8994585338514298e-005	0.35088752885245861	1
0.0055000000000000014	-2.7029045668314211e-005	0.36581697035253119	1
0.0060000000000000019	-3.1008084988570772e-005	0.37423899058283883	1
0.0065000000000000023	-3.6720848584081978e-005	0.37700595630270684	1
0.0070000000000000027	-3.9023007047944702e-005	0.37491238321956755	1
0.0075000000000000032	-3.8966163629083894e-005	0.36869403374192311	1
0.0080000000000000036	-3.8966163629083894e-005	0.35902779637296334	1
0.0085000000000000041	-2.8606450541701633e-005	0.34653234626107954	1
0.0090000000000000045	-3.3395508580724709e-005	0.33176926061438533	1
0.009500000000000005	-3.8994585338514298e-005	0.3152446688826599	1
0.010000000000000005	-3.8994585338514298e-005	0.2974115053954795	1
0.010500000000000006	-3.8966163629083894e-005	0.27867194346778612	1
0.011000000000000006	-2.6687985155149363e-005	0.25938010764570113	1
0.011500000000000007	-3.0468072509393096e-005	0.23984482265744153	1
0.012000000000000007	-3.6067149267182685e-005	0.22033250748837682	1
0.012500000000000008	-3.8994585338514298e-005	0.20107034102693302	1
0.013000000000000008	-3.8966163629083894e-005	0.18224934588434966	1
0.013500000000000009	-2.5352164811920375e-005	0.1640274846476231	1
0.014000000000000009	-2.8165914045530371e-005	0.14653251485898056	1
0.014500000000000009	-3.2784441827971023e-005	0.12986480689606503	1
0.01500000000000001	-3.9023007047944702e-005	0.11410025171879905	1
0.01550000000000001	-3.8966163629083894e-005	0.099292992905453015	1
0.016000000000000011	-3.8994585338514298e-005	0.085477977235639407	1
0.016500000000000011	-2.6346924641984515e-005	0.072673387650028204	1
0.017000000000000012	-2.9984903449076228e-005	0.060882784980858383	1
0.017500000000000012	-3.5356606531422585e-005	0.050097119753611641	1
0.018000000000000013	-3.8966163629083894e-005	0.040296790497914646	1
0.018500000000000013	-3.8994585338514298e-005	0.03145345041702223	1
0.019000000000000013	-2.5167423700622749e-005	0.023531693167168719	1
0.019500000000000014	-2.7768010113504715e-005	0.016490385769362029	1
0.020000000000000014	-3.2187585929932538e-005	0.010283899819202599	1
0.020500000000000015	-3.8255620893323794e-005	0.0048633956581207258	1
0.021000000000000015	-3.8994585338514298e-005	0.00017791154469455015	1
0.021500000000000016	-2.4527935238438658e-005	-0.0038246240767696861	1
0.022000000000000016	-2.6119550966541283e-005	-0.00719674123576018	1
0.022500000000000017	-2.950173438875936e-005	-0.0099908410132438213	1
0.023000000000000017	-3.4674485505092889e-005	-0.012258510842983279	1
0.023500000000000017	-3.893774191965349e-005	-0.014050017941952269	1
0.024000000000000018	-3.8994585338514298e-005	-0.015413872966345464	1
0.024500000000000018	-2.4982682589325123e-005	-0.016396435936966169	1
0.025000000000000019	-2.7384317036194261e-005	-0.017041804823286506	1
0.025500000000000019	-3.1604940886609256e-005	-0.017391719196537116	1
0.02600000000000002	-3.7502445593418088e-005	-0.017485324893835127	1
0.02650000000000002	-3.8966163629083894e-005	-0.017359053890454688	1
0.027000000000000021	0.21907081304561871	-0.015751892273495983	1
0.027500000000000021	-2.5835333872237243e-005	-0.012899390642338845	1
0.028000000000000021	-2.9046987037872896e-005	-0.010312057445809918	1
0.028500000000000022	-3.4020786188193597e-005	-0.007981726468587436	1
0.029000000000000022	-3.893774191965349e-005	-0.0058983990254354536	1
0.029500000000000023	-3.893774191965349e-005	-0.0040505907233216272	1
0.030000000000000023	-2.48263631874579e-005	-0.0024256014741340197	1
0.030500000000000024	-2.7057467377744615e-005	-0.0010099690385034082	1
0.031000000000000024	-3.106492840743158e-005	0.00021016651161998769	1
0.031500000000000021	-3.6777692002942786e-005	0.0012489273130474809	1
0.032000000000000021	-3.8994585338514298e-005	0.002120523615912525	1
0.032500000000000022	0.30800504191574873	0.0046592724613413461	1
0.033000000000000022	-2.5551116777933203e-005	0.0085913682022848142	1
0.033500000000000023	-2.8592239686986431e-005	0.011846399090804743	1
0.034000000000000023	-3.3395508580724709e-005	0.01448489792011378	1
0.034500000000000024	-3.8966163629083894e-005	0.016565813316503766	1
0.035000000000000024	-3.8966163629083894e-005	0.018146088177396682	1
0.035500000000000025	-2.4698465495021082e-005	0.019280368992881054	1
0.036000000000000025	-2.6687985155149363e-005	0.02002056701136843	1
0.036500000000000025	-3.0524915928253904e-005	0.020415549680872395	1
0.037000000000000026	-3.6081360121897887e-005	0.02051109432092043	1
0.037500000000000026	-3.8994585338514298e-005	0.020349825723349889	1
0.038000000000000027	0.39358087633445393	0.022297029379627995	1
0.038500000000000027	-2.5323743102489971e-005	0.026021332229865177	1
0.039000000000000028	-2.8165914045530371e-005	0.028892990539157278	1
0.039500000000000028	-3.2770230973255821e-005	0.031002755070057838	1
0.040000000000000029	-3.8966163629083894e-005	0.032437084878048771	1
0.040500000000000029	-3.8994585338514298e-005	0.033277800246489284	1
0.041000000000000029	-2.4556356947869062e-005	0.033601889242538631	1
0.04150000000000003	-2.6389557206130121e-005	0.033481172203845645	1
0.04200000000000003	-3.0013325158506632e-005	0.03298211290356419	1
0.042500000000000031	-3.5356606531422585e-005	0.032165902687021693	1
0.043000000000000031	-3.8994585338514298e-005	0.03108852927974564	1
0.043500000000000032	0.47576077122357674	0.03261232251651331	1
0.044000000000000032	0.056689287930566934	0.036673954518407763	1
0.044500000000000033	-3.8966163629083894e-005	0.040042758753074878	1
0.045000000000000033	-3.9051428757375106e-005	0.042445078280181639	1
0.045500000000000033	-3.893774191965349e-005	0.04399390786426545	1
0.046000000000000034	-3.8994585338514298e-005	0.044795798985077372	1
0.046500000000000034	-2.4513724383723456e-005	0.044950627946003241	1
0.047000000000000035	-2.6076918402395677e-005	0.044551298271201419	1
0.047500000000000035	-2.9515945243474562e-005	0.043683565849167591	1
0.048000000000000036	-3.4717118069238495e-005	0.042426155497544228	1
0.048500000000000036	-3.9023007047944702e-005	0.040850875551451546	1
0.049000000000000037	0.5545086878555594	0.042299538718825073	1
0.049500000000000037	0.23764457068864431	0.047717090299956147	1
0.050000000000000037	-3.893774191965349e-005	0.053182188773342486	1
0.050500000000000038	-3.8994585338514298e-005	0.057218865022264614	1
0.051000000000000038	-3.8994585338514298e-005	0.059988374616448646	1
0.051500000000000039	0.89561302729634917	0.066935604052247258	1
0.052000000000000039	1.0463570987440107	0.083550271243965746	1
0.05250000000000004	0.47145426407269042	0.10571553055227025	1
0.05300000000000004	-3.8966163629083894e-005	0.12617449593215754	1
0.053500000000000041	-3.893774191965349e-005	0.14214903192046396	1
0.054000000000000041	-3.8994585338514298e-005	0.15410637167717983	1
0.054500000000000041	0.62979000858831569	0.16621441704376622	1
0.055000000000000042	0.41229489511351858	0.18074443937751103	1
0.055500000000000042	-3.8994585338514298e-005	0.19344887861895979	1
0.056000000000000043	-3.8909320210223086e-005	0.20200825210415399	1
0.056500000000000043	-3.8966163629083894e-005	0.20692777847440841	1
0.057000000000000044	-3.8994585338514298e-005	0.20868178307374061	1
0.057500000000000044	0.3080050134940393	0.20953278900113098	1
0.058000000000000045	-2.5579538487363607e-005	0.20960291578738632	1
0.058500000000000045	-2.8606450541701633e-005	0.20718545254492199	1
0.059000000000000045	-3.3423930290155113e-005	0.202672824194153	1
0.059500000000000046	-3.8994585338514298e-005	0.19642479378504854	1
0.060000000000000046	0.70157184950403462	0.19291472364265302	1
0.060500000000000047	0.58056372154169367	0.1952142420856891	1
0.061000000000000047	-3.9023007047944702e-005	0.19830061446709399	1
0.061500000000000048	-3.8994585338514298e-005	0.19859158439089347	1
0.062000000000000048	-3.8994585338514298e-005	0.19649264503301542	1
0.062500000000000042	-3.8994585338514298e-005	0.19237821402276434	1
0.063000000000000042	0.39358086212359922	0.18891758315286028	1
0.063500000000000043	-2.5366375666635577e-005	0.18605608684107419	1
0.064000000000000043	-2.8165914045530371e-005	0.18141413116387539	1
0.064500000000000043	-3.2784441827971023e-005	0.17530698764380617	1
0.065000000000000044	-3.8994585338514298e-005	0.16802110252227576	1
0.065500000000000044	0.76982271934866731	0.16436394904641544	1
0.066000000000000045	0.74237721037206938	0.16823471181365912	1
0.066500000000000045	-3.8994585338514298e-005	0.17393743660890523	1
0.067000000000000046	-3.8994585338514298e-005	0.17674993545377193	1
0.067500000000000046	-3.8994585338514298e-005	0.17706177430521292	1
0.068000000000000047	1.0571184247964993	0.18148163389350519	1
0.068500000000000047	1.4522310891607049	0.19793753153133078	1
0.069000000000000047	1.1729107214364376	0.22515847481678136	1
0.069500000000000048	-3.8994585338514298e-005	0.2526667877445799	1
0.070000000000000048	-3.893774191965349e-005	0.27316460182621721	1
0.070500000000000049	-3.8966163629083894e-005	0.28743522771374325	1
0.071000000000000049	0.83451249111021752	0.3011521912047459	1
0.07150000000000005	0.89766433575277915	0.31953874986266528	1
0.07200000000000005	0.21906996039433579	0.33805797777445779	1
0.072500000000000051	-3.8966163629083894e-005	0.35116724766988122	1
0.073000000000000051	-3.8966163629083894e-005	0.35820837164414654	1
0.073500000000000051	-3.8909320210223086e-005	0.35998583263177963	1
0.074000000000000052	0.55450863101214054	0.3605253528792518	1
0.074500000000000052	0.23764454226693488	0.3614060798034977	1
0.075000000000000053	-3.9023007047944702e-005	0.35929096964901613	1
0.075500000000000053	-3.8994585338514298e-005	0.35323884172707115	1
0.076000000000000054	-3.893774191965349e-005	0.34389715367983748	1
0.076500000000000054	0.89561302729634917	0.33714976801113844	1
0.077000000000000055	1.046357084533156	0.33887987390703522	1
0.077500000000000055	0.47145417170213477	0.34532059941756754	1
0.078000000000000055	-3.8994585338514298e-005	0.34952376246976374	1
0.078500000000000056	-3.8994585338514298e-005	0.34898105076688152	1
0.079000000000000056	-3.8966163629083894e-005	0.34439313875351008	1
0.079500000000000057	0.6297900227991704	0.34012755111095466	1
0.080000000000000057	0.41229488090266386	0.338623950971011	1
0.080500000000000058	-3.8966163629083894e-005	0.33577451870309061	1
0.081000000000000058	-3.9023007047944702e-005	0.3293733996421368	1
0.081500000000000059	-3.8994585338514298e-005	0.32001580602174418	1
0.082000000000000059	0.95309741254823166	0.31387672712989623	1
0.082500000000000059	1.1883902004683478	0.31758009737901377	1
0.08300000000000006	0.71462622486251348	0.32823324442215568	1
0.08350000000000006	-3.8966163629083894e-005	0.3376713975486193	1
0.084000000000000061	-3.8994585338514298e-005	0.34173793102101058	1
0.084500000000000061	-3.8966163629083894e-005	0.34117058719518245	1
0.085000000000000062	0.70157189213659876	0.3407996390845075	1
0.085500000000000062	0.5805637499634031	0.3440314163522506	1
0.086000000000000063	-3.893774191965349e-005	0.3461550033354801	1
0.086500000000000063	-3.8994585338514298e-005	0.34387674202290253	1
0.087000000000000063	-3.8966163629083894e-005	0.33786748995295907	1
0.087500000000000064	1.0069403515444719	0.3346941167203098	1
0.088000000000000064	1.3237012410627358	0.34180101205692165	1
0.088500000000000065	0.94847919740459474	0.35725488124437654	1
0.089000000000000065	-3.893774191965349e-005	0.37183030011948842	1
0.089500000000000066	-3.8966163629083894e-005	0.37987890596330764	1
0.090000000000000066	-3.893774191965349e-005	0.38226037244439165	1
0.090500000000000067	0.76982266250524845	0.38432455886672523	1
0.091000000000000067	0.74237719616121467	0.39048028767346427	1
0.091500000000000067	-3.893774191965349e-005	0.39550729991516032	1
0.092000000000000068	-3.8994585338514298e-005	0.39512450239042524	1
0.092500000000000068	-3.8966163629083894e-005	0.39012780459084317	1
0.093000000000000069	1.0571183679530805	0.38749776126425517	1
0.093500000000000069	1.452231032317286	0.39550044200061008	1
0.09400000000000007	1.1729106574875914	0.41317003827311677	1
0.09450000000000007	-3.8966163629083894e-005	0.43030239130749837	1
0.09500000000000007	-3.9023007047944702e-005	0.43984288212371864	1
0.095500000000000071	-3.8966163629083894e-005	0.44278935689336651	1
0.096000000000000071	0.83451249111021752	0.44500282884435405	1
0.096500000000000072	0.89766434996363387	0.4518687349203161	1
0.097000000000000072	0.21906996749976315	0.45898880658273827	1
0.097500000000000073	-3.8966163629083894e-005	0.46093735421196758	1
0.098000000000000073	-3.8966163629083894e-005	0.45715320338857623	1
0.098500000000000074	1.1036094065275392	0.45504095221181451	1
0.099000000000000074	1.5739232424039074	0.46368124211769085	1
0.099500000000000074	1.3878222659968742	0.48307836844122848	1
0.10000000000000007	0.18037340510090871	0.50319528239497247	1
0.10050000000000008	-3.8994585338514298e-005	0.51548833348537015	1
0.10100000000000008	-3.8994585338514298e-005	0.51989075371144555	1
0.10150000000000008	0.89561301308549446	0.52279706034195206	1
0.10200000000000008	1.046357084533156	0.53057473454619364	1
0.10250000000000008	0.47145426407269042	0.53991296680027401	1
0.10300000000000008	-3.8966163629083894e-005	0.54429014718685831	1
0.10350000000000008	-3.8994585338514298e-005	0.54159431801650182	1
0.10400000000000008	1.1463930036370584	0.53966608686334094	1
0.10450000000000008	1.6887241827134858	0.54839454632650575	1
0.10500000000000008	1.5931194070617494	0.56875723452761839	1
0.10550000000000008	0.49672243562781659	0.59176825185611714	1
0.10600000000000008	-3.893774191965349e-005	0.60735456220465722	1
0.10650000000000008	-3.8966163629083894e-005	0.61348283877615883	1
0.10700000000000008	0.9530973557048128	0.61709615848650157	1
0.10750000000000008	1.1883901152032195	0.62554193824600224	1
0.10800000000000008	0.71462615380823991	0.63660435880118227	1
0.10850000000000008	-3.8994585338514298e-005	0.6427476954429614	1
0.10900000000000008	-3.8966163629083894e-005	0.64039612090377107	1
0.10950000000000008	-3.8994585338514298e-005	0.63082012196833359	1
0.11000000000000008	0.70157182108232519	0.61933539594845244	1
0.11050000000000008	0.5805637499634031	0.60978756377983545	1
0.11100000000000008	-3.8994585338514298e-005	0.59786042449243215	1
0.11150000000000009	-3.8966163629083894e-005	0.58061231474398722	1
0.11200000000000009	-3.8994585338514298e-005	0.5590254562813608	1
0.11250000000000009	1.0069403515444719	0.53993971623802417	1
0.11300000000000009	1.3237012268518811	0.53103650216956455	1
0.11350000000000009	0.9484791547720306	0.5305860192591918	1
0.11400000000000009	-3.8994585338514298e-005	0.52953532401403358	1
0.11450000000000009	-3.8966163629083894e-005	0.52238001506032639	1
0.11500000000000009	1.2207648296680418	0.5173111863683757	1
0.11550000000000009	1.8974548368078104	0.52529546079238953	1
0.11600000000000009	1.9745154418160382	0.5487827568458884	1
0.11650000000000009	1.0938574348529073	0.58047930538315962	1
0.11700000000000009	-3.8966163629083894e-005	0.60714233581914834	1
0.11750000000000009	-3.8966163629083894e-005	0.62272945801100865	1
0.11800000000000009	1.0571183963747899	0.63492328361208938	1
0.11850000000000009	1.4522310891607049	0.65265730652977705	1
0.11900000000000009	1.172910728541865	0.67559568847256901	1
0.11950000000000009	-3.8994585338514298e-005	0.6941248204405478	1
0.12000000000000009	-3.8909320210223086e-005	0.70174000208427123	1
0.12050000000000009	-3.8994585338514298e-005	0.69994781113175086	1
0.12100000000000009	0.83451249111021752	0.69507681800992349	1
0.12150000000000009	0.89766433575277915	0.69293934179146843	1
0.12200000000000009	0.21906996039433579	0.68952422561905391	1
0.12250000000000009	-3.8966163629083894e-005	0.67975436452014548	1
0.1230000000000001	-3.8966163629083894e-005	0.66338015808530848	1
0.1235000000000001	1.1036094349492487	0.6480825000683057	1
0.1240000000000001	1.5739231571387791	0.64318494401635418	1
0.1245000000000001	1.3878221523100365	0.64890332710598531	1
0.12500000000000008	0.18037326299236156	0.65538286210529195	1
0.12550000000000008	-3.8966163629083894e-005	0.6542350098920412	1
0.12600000000000008	-3.8966163629083894e-005	0.64552310131911361	1
0.12650000000000008	0.89561299887463974	0.63574886011415432	1
0.12700000000000009	1.0463571129548654	0.63136616495906261	1
0.12750000000000009	0.4714542001238442	0.62913181741837543	1
0.12800000000000009	-3.8994585338514298e-005	0.6225749817009254	1
0.12850000000000009	-3.8994585338514298e-005	0.60961950103868023	1
0.12900000000000009	1.1463930604804773	0.59812857744047609	1
0.12950000000000009	1.6887242111351952	0.5980023559186679	1
0.13000000000000009	1.5931194354834588	0.61021944282316687	1
0.13050000000000009	0.49672238588982509	0.62578647056322512	1
0.13100000000000009	-3.9051428757375106e-005	0.63461573575074404	1
0.13150000000000009	-3.8966163629083894e-005	0.63465327301685792	1
0.13200000000000009	0.95309738412652223	0.63281666624941446	1
0.13250000000000009	1.1883901720466383	0.63642399523697668	1
0.13300000000000009	0.71462622486251348	0.64322716896758725	1
0.13350000000000009	-3.8994585338514298e-005	0.64565606650885166	1
0.13400000000000009	-3.8994585338514298e-005	0.64009905750501916	1
0.13450000000000009	1.1854506425379441	0.63479489172521086	1
0.13500000000000009	1.7965839163025521	0.64038518297078895	1
0.13550000000000009	1.7887125380866564	0.65877471273844779	1
0.13600000000000009	0.80126172719019451	0.68199261729900373	1
0.13650000000000009	-3.8994585338514298e-005	0.69848877820023303	1
0.13700000000000009	-3.8994585338514298e-005	0.70431681423935422	1
0.13750000000000009	1.0069403799661814	0.70691852029423163	1
0.13800000000000009	1.3237012410627358	0.7145568619984819	1
0.1385000000000001	0.94847916898288531	0.72605934020996532	1
0.1390000000000001	-3.8966163629083894e-005	0.73290300840383493	1
0.1395000000000001	-3.8994585338514298e-005	0.73008389310328126	1
0.1400000000000001	1.2207648580897512	0.72626235939344674	1
0.1405000000000001	1.8974547515426821	0.73284215603598624	1
0.1410000000000001	1.9745153707617646	0.75267771896531332	1
0.1415000000000001	1.0938572572172234	0.77884717802788861	1
0.1420000000000001	-3.9023007047944702e-005	0.79844742048100092	1
0.1425000000000001	-3.8966163629083894e-005	0.80574417572444268	1
0.1430000000000001	1.0571183679530805	0.80869760721162276	1
0.1435000000000001	1.452231032317286	0.81648938494813539	1
0.1440000000000001	1.1729106859093008	0.82900383622851315	1
0.1445000000000001	-3.8994585338514298e-005	0.83682100303689466	1
0.1450000000000001	-3.9023007047944702e-005	0.83360491048003749	1
0.1455000000000001	-3.8994585338514298e-005	0.82100758973920696	1
0.1460000000000001	0.83451251953192696	0.80548147859140284	1
0.1465000000000001	0.89766433575277915	0.79294286962788196	1
0.1470000000000001	0.21906996749976315	0.77946636788363954	1
0.1475000000000001	-3.8994585338514298e-005	0.76004406936098645	1
0.1480000000000001	-3.8994585338514298e-005	0.73448061856601055	1
0.1485000000000001	1.1036094065275392	0.71049774519382192	1
0.1490000000000001	1.5739232424039074	0.69744790919752764	1
0.14950000000000011	1.3878222659968742	0.69556532765314216	1
0.15000000000000011	0.18037343352261814	0.69500438890413174	1
0.15050000000000011	-3.8966163629083894e-005	0.68737776228097103	1
0.15100000000000011	1.280103191447779	0.68030729976763871	1
0.15150000000000011	2.0780565677114282	0.68607428731967868	1
0.15200000000000011	2.3164294162825172	0.70885608185016002	1
0.15250000000000011	1.642710117266688	0.74332202479699905	1
0.15300000000000011	-3.8966163629083894e-005	0.77366797745532345	1
0.15350000000000011	-3.8994585338514298e-005	0.79043131773186104	1
0.15400000000000011	1.1463930320587679	0.80217496350416773	1
0.15450000000000011	1.6887241827134858	0.81947304488155925	1
0.15500000000000011	1.5931194070617494	0.84394822171026318	1
0.15550000000000011	0.49672240720610716	0.86721801584054548	1
0.15600000000000011	-3.893774191965349e-005	0.87977008172880933	1
0.15650000000000011	-3.8966163629083894e-005	0.88008867719009343	1
0.15700000000000011	0.9530973557048128	0.87559154668651329	1
0.15750000000000011	1.1883901152032195	0.87405852654504712	1
0.15800000000000011	0.71462613959738519	0.87366503889995228	1
0.15850000000000011	-3.8966163629083894e-005	0.8672268230064365	1
0.15900000000000011	-3.8966163629083894e-005	0.85148140325600419	1
0.15950000000000011	1.1854506283270894	0.83498122098489203	1
0.16000000000000011	1.7965838594591332	0.82864759976923152	1
0.16050000000000011	1.7887124386106734	0.83463271493251689	1
0.16100000000000012	0.80126159218707471	0.84518258446529038	1
0.16150000000000012	-3.8994585338514298e-005	0.84893536103671163	1
0.16200000000000012	-3.8994585338514298e-005	0.84210628357173112	1
0.16250000000000012	1.0069403515444719	0.83227410363781062	1
0.16300000000000012	1.3237012268518811	0.82781607061037299	1
0.16350000000000012	0.9484791547720306	0.82765326242341064	1
0.16400000000000012	-3.8994585338514298e-005	0.82333752588676934	1
0.16450000000000012	-3.8966163629083894e-005	0.80992276156106946	1
0.16500000000000012	1.2207648296680418	0.79611207982600296	1
0.16550000000000012	1.8974548652295198	0.7933385547435986	1
0.16600000000000012	1.9745154702377476	0.80447414392011085	1
0.16650000000000012	1.0938574348529073	0.82260421427048758	1
0.16700000000000012	-3.8966163629083894e-005	0.83482402424597335	1
0.16750000000000012	-3.8966163629083894e-005	0.83539012461040207	1
0.16800000000000012	1.0571183963747899	0.83224716494392925	1
0.16850000000000012	1.4522310749498502	0.83455607578118907	1
0.16900000000000012	1.1729107214364376	0.84217622824785066	1
0.16950000000000012	-3.8994585338514298e-005	0.84565940314917409	1
0.17000000000000012	-3.893774191965349e-005	0.83863887770371948	1
0.17050000000000012	-3.8994585338514298e-005	0.82273417479665911	1
0.17100000000000012	0.83451251953192696	0.80436410498746147	1
0.17150000000000012	0.89766433575277915	0.78941077681417959	1
0.17200000000000013	0.21906996039433579	0.77391453930979814	1
0.17250000000000013	-3.8966163629083894e-005	0.75283357612790835	1
0.17300000000000013	-3.8966163629083894e-005	0.72593931340298701	1
0.17350000000000013	1.1036094349492487	0.70092124722643145	1
0.17400000000000013	1.5739231429279243	0.68710082503583114	1
0.17450000000000013	1.3878221380991818	0.68468266093275176	1
0.17500000000000013	0.18037324878150685	0.6837930940544672	1
0.17550000000000013	-3.8966163629083894e-005	0.67601840331214946	1
0.17600000000000013	1.2801032198694884	0.66895577751475865	1
0.17650000000000013	2.0780564966571546	0.67486360329063055	1
0.17700000000000013	2.3164292883848248	0.69789811583660077	1
0.17750000000000013	1.642709918314722	0.73270930272413393	1
0.17800000000000013	-3.8994585338514298e-005	0.76347541051044543	1
0.17850000000000013	-3.8994585338514298e-005	0.78071789448951046	1
0.17900000000000013	1.1463930889021867	0.79298538142316799	1
0.17950000000000013	1.6887242111351952	0.81083927235802344	1
0.18000000000000013	1.5931194354834588	0.83589098204969348	1
0.18050000000000013	0.49672239299525245	0.85974818728612379	1
0.18100000000000013	-3.9051428757375106e-005	0.87289000852503473	1
0.18150000000000013	-3.8966163629083894e-005	0.87379339121774513	1
0.18200000000000013	0.95309741254823166	0.86986989680292315	1
0.18250000000000013	1.1883901720466383	0.86889421418965962	1
0.18300000000000013	0.71462628170593234	0.86903756387406395	1
0.18350000000000014	-3.8994585338514298e-005	0.8631123393753326	1
0.18400000000000014	-3.9023007047944702e-005	0.84785348991814447	1
0.18450000000000014	1.1854506141162346	0.83181157188037458	1
0.18500000000000014	1.7965839305134068	0.82590663480756399	1
0.18550000000000014	1.7887125380866564	0.83229011584978452	1
0.18600000000000014	0.80126172719019451	0.8432077608058256	1
0.18650000000000014	-3.8994585338514298e-005	0.84729785051251783	1
0.18700000000000014	-3.8966163629083894e-005	0.84077609326347669	1
0.18750000000000014	1.0069403515444719	0.83122199640741024	1
0.18800000000000014	1.3237012410627358	0.82701379996978852	1
0.18850000000000014	0.94847919740459474	0.82707376175785785	1
0.18900000000000014	-3.893774191965349e-005	0.82295505571780159	1
0.18950000000000014	-3.8994585338514298e-005	0.80971301891158631	1
0.19000000000000014	1.2207648580897512	0.79605227553417057	1
0.19050000000000014	1.8974547515426821	0.79340746098922799	1
0.19100000000000014	1.9745153565509099	0.80465211634716727	1
0.19150000000000014	1.0938572572172234	0.82287319295826322	1
0.19200000000000014	-3.8994585338514298e-005	0.83516751623375551	1
0.19250000000000014	-3.8966163629083894e-005	0.83579317012491627	1
0.19300000000000014	1.0571183679530805	0.83269628885320501	1
0.19350000000000014	1.4522310607389954	0.8350392295707979	1
0.19400000000000014	1.1729106290658819	0.84268272341610617	1
0.19450000000000014	-3.8994585338514298e-005	0.84617983902934868	1
0.19500000000000015	-3.9023007047944702e-005	0.83916506412196346	1
0.19550000000000015	1.2523203167802421	0.83065901569544798	1
0.19600000000000015	1.9912926916276774	0.83274678718041706	1
0.19650000000000015	2.1504466900523767	0.84916083164323808	1
0.19700000000000015	1.3743810498567655	0.87396620460532126	1
0.19750000000000015	-3.8994585338514298e-005	0.89293539150968926	1
0.19800000000000015	-3.8994585338514298e-005	0.89857678199472857	1
0.19850000000000015	1.1036094349492487	0.89929465244730766	1
0.19900000000000015	1.5739232424039074	0.90510102456688724	1
0.19950000000000015	1.3878222375751648	0.91686226000429649	1
0.20000000000000015	0.18037343352261814	0.92533401550394911	1
0.20050000000000015	-3.8966163629083894e-005	0.92269676367254938	1
0.20100000000000015	-3.8994585338514298e-005	0.90954075181352767	1
0.20150000000000015	0.89561301308549446	0.89285245785077438	1
0.20200000000000015	1.0463570987440107	0.87952879029732167	1
0.20250000000000015	0.47145424986183571	0.86672872448423666	1
0.20300000000000015	-3.8966163629083894e-005	0.84834396621376718	1
0.20350000000000015	-3.8994585338514298e-005	0.82262278084483964	1
0.20400000000000015	1.1463930604804773	0.79771641620540101	1
0.20450000000000015	1.6887241827134858	0.78377860406019084	1
0.20500000000000015	1.5931194354834588	0.7820091227367143	1
0.20550000000000015	0.49672240720610716	0.78360549010929148	1
0.20600000000000016	-3.893774191965349e-005	0.77864277654014136	1
0.20650000000000016	1.3041012607573066	0.77290979429517348	1
0.20700000000000016	2.157708081540477	0.77933670978144542	1
0.20750000000000016	2.4723903209178388	0.80297194280577089	1
0.20800000000000016	1.8987262180303333	0.83948854740915835	1
0.20850000000000016	0.25385187640836193	0.87346166272881676	1
0.20900000000000016	-3.8966163629083894e-005	0.89364242774634994	1
0.20950000000000016	1.1854506283270894	0.90731464575043463	1
0.21000000000000016	1.7965838594591332	0.9258847788342589	1
0.21050000000000016	1.7887124670323828	0.95198143439974114	1
0.21100000000000016	0.80126159218707471	0.97831399908039951	1
0.21150000000000016	-3.8994585338514298e-005	0.99396736584376655	1
0.21200000000000016	-3.8994585338514298e-005	0.99558403900359116	1
0.21250000000000016	1.0069403231227625	0.99114835993325112	1
0.21300000000000016	1.3237012268518811	0.9894198703141498	1
0.21350000000000016	0.94847914766660324	0.98967753317850615	1
0.21400000000000016	-3.9023007047944702e-005	0.98380601391252698	1
0.21450000000000016	-3.8966163629083894e-005	0.96716669941715294	1
0.21500000000000016	1.2207648580897512	0.94874492628008611	1
0.21550000000000016	1.8974548368078104	0.94023109382833492	1
0.21600000000000016	1.9745154418160382	0.9447301860384848	1
0.21650000000000016	1.0938574064311979	0.95553709860103686	1
0.21700000000000016	-3.8966163629083894e-005	0.95993408224226728	1
0.21750000000000017	-3.8994585338514298e-005	0.95234323015923794	1
0.21800000000000017	1.0571184105856446	0.94085446629222436	1
0.21850000000000017	1.4522310891607049	0.93475497570673471	1
0.21900000000000017	1.1729107143310102	0.93401265401150635	1
0.21950000000000017	-3.8966163629083894e-005	0.92927138821084843	1
0.22000000000000017	-3.8909320210223086e-005	0.91424145666146284	1
0.22050000000000017	1.2523203167802421	0.8980055414839595	1
0.22100000000000017	1.991292663205968	0.89269834977170481	1
0.22150000000000017	2.1504466758415219	0.90209073339729773	1
0.22200000000000017	1.3743810427513381	0.92027611809280752	1
0.22250000000000017	-3.8966163629083894e-005	0.93304646261863466	1
0.22300000000000017	-3.8966163629083894e-005	0.93292180424229021	1
0.22350000000000017	1.1036094065275392	0.92831124793822783	1
0.22400000000000017	1.5739231429279243	0.92922576555387282	1
0.22450000000000017	1.3878221380991818	0.93652566355133682	1
0.22500000000000017	0.1803732558869342	0.94095634154646068	1
0.22550000000000017	-3.8966163629083894e-005	0.93468455007413975	1
0.22600000000000017	1.2801032198694884	0.92584814596453324	1
0.22650000000000017	2.0780564966571546	0.92720581368750554	1
0.22700000000000017	2.3164293168065342	0.94337370952970301	1
0.22750000000000017	1.642709918314722	0.96942183648601254	1
0.22800000000000017	-3.8994585338514298e-005	0.98990942496882439	1
0.22850000000000018	-3.8994585338514298e-005	0.99570109038460308	1
0.22900000000000018	1.146393074691332	0.99565227340062235	1
0.22950000000000018	1.6887242111351952	1.0005965340990879	1
0.23000000000000018	1.5931194212726041	1.0123846446043934	1
0.23050000000000018	0.49672238588982509	1.0228328071897588	1
0.23100000000000018	-3.9051428757375106e-005	1.0225998821138558	1
0.23150000000000018	-3.8966163629083894e-005	1.0103158556539673	1
0.23200000000000018	0.95309741254823166	0.99352072823695159	1
0.23250000000000018	1.1883902004683478	0.98009510722073101	1
0.23300000000000018	0.71462622486251348	0.96829565309987142	1
0.23350000000000018	-3.8994585338514298e-005	0.95100170764957503	1
0.23400000000000018	-3.9023007047944702e-005	0.92499859087889447	1
0.23450000000000018	1.1854506425379441	0.89887248161486633	1
0.23500000000000018	1.7965839305134068	0.88356604003639638	1
0.23550000000000018	1.7887125380866564	0.88124193836890008	1
0.23600000000000018	0.80126172719019451	0.8841473135907999	1
0.23650000000000018	-3.8994585338514298e-005	0.88091341725034733	1
0.23700000000000018	1.3243040370980452	0.87556712529264524	1
0.23750000000000018	2.2302125728401734	0.88165878656565766	1
0.23800000000000018	2.618261419229384	0.90508894533955497	1
0.23850000000000018	2.1423176121970755	0.94252495695570337	1
0.23900000000000018	0.61375860127554915	0.97963129580784969	1
0.23950000000000018	-3.8994585338514298e-005	1.0033588830479343	1
0.24000000000000019	1.2207648580897512	1.0189711445512204	1
0.24050000000000019	1.8974547515426821	1.0386826948018761	1
0.24100000000000019	1.9745153565509099	1.0661146913415736	1
0.24150000000000019	1.0938572572172234	1.0950652385577768	1
0.24200000000000019	-3.8966163629083894e-005	1.1133027816177306	1
0.24250000000000019	-3.8966163629083894e-005	1.1157153368658976	1
0.24300000000000019	1.0571184247964993	1.1108359379049251	1
0.24350000000000019	1.452231032317286	1.1083701671670598	1
0.24400000000000019	1.1729106574875914	1.1086782766280532	1
0.24450000000000019	-3.8994585338514298e-005	1.1027696419029536	1
0.24500000000000019	-3.9023007047944702e-005	1.084692772308252	1
0.24550000000000019	-3.8966163629083894e-005	1.0564413508469825	1
0.24600000000000019	0.83451251953192696	1.0247688628746527	1
0.24650000000000019	0.89766434996363387	0.99585442661154844	1
0.24700000000000019	0.21906996749976315	0.96599973634402336	1
0.24750000000000019	-3.8994585338514298e-005	0.93039078489622218	1
0.24800000000000019	-3.8994585338514298e-005	0.88899548555961339	1
0.24850000000000019	1.1036094065275392	0.84967075973255091	1
0.24900000000000019	1.5739232424039074	0.82187869166034977	1
0.24950000000000019	1.3878222375751648	0.80593999981699982	1
0.25000000000000017	0.18037343352261814	0.7920748117267955	1
0.25050000000000017	-3.8966163629083894e-005	0.7719430340486213	1
0.25100000000000017	1.280103191447779	0.75319740225705778	1
0.25150000000000017	2.0780565535005735	0.74813575943159116	1
0.25200000000000017	2.3164294020716625	0.76093959342445516	1
0.25250000000000017	1.6427101030558333	0.78627171948570118	1
0.25300000000000017	-3.8966163629083894e-005	0.8083124517209036	1
0.25350000000000017	-3.8994585338514298e-005	0.81757610314966001	1
0.25400000000000017	1.1463930604804773	0.82259638146414704	1
0.25450000000000017	1.6887242111351952	0.83391330537989916	1
0.25500000000000017	1.5931194354834588	0.85311164207312684	1
0.25550000000000017	0.49672240720610716	0.87176824040196166	1
0.25600000000000017	-3.893774191965349e-005	0.88032818906068211	1
0.25650000000000017	1.304101289179016	0.88493799557482367	1
0.25700000000000017	2.1577080673296223	0.89887077371370749	1
0.25750000000000017	2.4723903209178388	0.92750124751804119	1
0.25800000000000017	1.8987262180303333	0.96681071100176941	1
0.25850000000000017	0.25385187996107561	1.0016634786011103	1
0.25900000000000017	-3.8966163629083894e-005	1.0210801715136562	1
0.25950000000000017	1.1854505999053799	1.0325940781959488	1
0.26000000000000018	1.7965838594591332	1.0478411262256768	1
0.26050000000000018	1.7887124386106734	1.0696595855004551	1
0.26100000000000018	0.80126159218707471	1.0909491213690925	1
0.26150000000000018	-3.8994585338514298e-005	1.100966108855995	1
0.26200000000000018	-3.8994585338514298e-005	1.0965064605352071	1
0.26250000000000018	1.0069403373336172	1.085690683537585	1
0.26300000000000018	1.3237012268518811	1.0773981558311168	1
0.26350000000000018	0.94847913345574852	1.0710123197904877	1
0.26400000000000018	-3.9023007047944702e-005	1.0585079753614548	1
0.26450000000000018	-3.8966163629083894e-005	1.0353233324181612	1
0.26500000000000018	1.2207648296680418	1.0105082780478967	1
0.26550000000000018	1.8974548368078104	0.99580652249485169	1
0.26600000000000018	1.9745154418160382	0.99436613526829598	1
0.26650000000000018	1.0938574348529073	0.9995158587126084	1
0.26700000000000018	-3.8966163629083894e-005	0.99856350270338812	1
0.26750000000000018	-3.8966163629083894e-005	0.9859493425574497	1
0.26800000000000018	1.0571184105856446	0.96977497160052151	1
0.26850000000000018	1.4522310891607049	0.9593335462063971	1
0.26900000000000018	1.1729107143310102	0.95459399853978089	1
0.26950000000000018	-3.8994585338514298e-005	0.94619702671418793	1
0.27000000000000018	-3.8909320210223086e-005	0.92784615089854972	1
0.27050000000000018	1.2523203167802421	0.90861432773698581	1
0.27100000000000019	1.9912926916276774	0.90062412039820861	1
0.27150000000000019	2.1504466474198125	0.90763231534661659	1
0.27200000000000019	1.3743810427513381	0.9237167990667372	1
0.27250000000000019	-3.8966163629083894e-005	0.93465291680897877	1
0.27300000000000019	-3.8966163629083894e-005	0.93294337104786673	1
0.27350000000000019	1.1036094349492487	0.92697952138851247	1
0.27400000000000019	1.5739231429279243	0.92675445316716443	1
0.27450000000000019	1.3878221523100365	0.93311067730043462	1
0.27500000000000019	0.18037326299236156	0.93677608602844931	1
0.27550000000000019	-3.8966163629083894e-005	0.92990037516853208	1
0.27600000000000019	1.280103191447779	0.92060493481978467	1
0.27650000000000019	2.0780564682354452	0.92163267945842342	1
0.27700000000000019	2.3164293168065342	0.93758477684904851	1
0.27750000000000019	1.642709918314722	0.96351708540985326	1
0.27800000000000019	-3.8994585338514298e-005	0.98397557845102257	1
0.27850000000000019	-3.8994585338514298e-005	0.98981252876071324	1
0.27900000000000019	1.146393074691332	0.98987196095508834	1
0.27950000000000019	1.6887241969243405	0.99497694491430511	1
0.28000000000000019	1.5931194212726041	1.0069686771072468	1
0.28050000000000019	0.49672239299525245	1.017654678115322	1
0.28100000000000019	-3.9051428757375106e-005	1.017685992038821	1
0.28150000000000019	-3.8966163629083894e-005	1.0056856203661129	1
0.28200000000000019	0.95309741254823166	0.98918737111357058	1
0.2825000000000002	1.1883901720466383	0.97606640866197958	1
0.2830000000000002	0.71462625328422291	0.96457465515655871	1
0.2835000000000002	-3.8994585338514298e-005	0.9475873712331474	1
0.2840000000000002	-3.9023007047944702e-005	0.92188640472355909	1
0.2845000000000002	1.1854506141162346	0.89605502352516364	1
0.2850000000000002	1.7965839447242615	0.88103349068365677	1
0.2855000000000002	1.7887125522975111	0.87898254817033972	1
0.2860000000000002	0.80126172008476715	0.88214782355542476	1
0.2865000000000002	-3.8994585338514298e-005	0.87915943651797679	1
0.2870000000000002	1.3243040086763358	0.87404346673585853	1
0.2875000000000002	2.2302126012618828	0.88034976304334922	1
0.2880000000000002	2.618261419229384	0.90397862822747577	1
0.2885000000000002	2.1423176406187849	0.94159739954311561	1
0.2890000000000002	0.61375860127554915	0.9788707243957887	1
0.2895000000000002	-3.8994585338514298e-005	1.002749857879714	1
0.2900000000000002	1.2207648865114606	1.0184986937582741	1
0.2905000000000002	1.8974547515426821	1.038332422721886	1
0.2910000000000002	1.9745153565509099	1.0658728641816511	1
0.2915000000000002	1.093857250111796	1.0949188499983746	1
0.2920000000000002	-3.8994585338514298e-005	1.1132395999706184	1
0.2925000000000002	-3.8966163629083894e-005	1.1157239365150964	1
0.2930000000000002	1.0571183679530805	1.1109057162025184	1
0.29350000000000021	1.452231032317286	1.1084913495096897	1
0.29400000000000021	1.1729106574875914	1.1088419111731962	1
0.29450000000000021	-3.8994585338514298e-005	1.1029675846632956	1
0.29500000000000021	-3.9023007047944702e-005	1.0849176652155026	1
0.29550000000000021	-3.8966163629083894e-005	1.0566865937369672	1
0.29600000000000021	0.83451251953192696	1.0250285806139892	1
0.29650000000000021	0.89766433575277915	0.99612343238115209	1
0.29700000000000021	0.21906996749976315	0.96627349232745385	1
0.29750000000000021	-3.8994585338514298e-005	0.93066536104914466	1
0.29800000000000021	-3.8994585338514298e-005	0.88926751706039009	1
0.29850000000000021	1.1036094349492487	0.84993740422957831	1
0.29900000000000021	1.5739232424039074	0.82213758626332412	1
0.29950000000000021	1.3878222375751648	0.80618921871370919	1
0.30000000000000021	0.18037340510090871	0.79231282500274192	1
0.30050000000000021	-3.8966163629083894e-005	0.7721686680201677	1
0.30100000000000021	1.280103191447779	0.75340980139752078	1
0.30150000000000021	2.0780565677114282	0.74833434985528668	1
0.30200000000000021	2.3164294162825172	0.76112404846820025	1
0.30250000000000021	1.6427101101612607	0.78644192727775974	1
0.30300000000000021	-3.8966163629083894e-005	0.8084684850398236	1
0.30350000000000021	1.3620600896047108	0.82576658795839175	1
0.30400000000000021	2.4045409077189106	0.8530317519407965	1
0.30450000000000021	2.9947173629807367	0.89813078938206869	1
0.30500000000000022	2.7975013097147894	0.9602438006154661	1
0.30550000000000022	1.6073987865183881	1.0279504163387787	1
0.30600000000000022	-3.893774191965349e-005	1.0831020738561767	1
0.30650000000000022	-3.8966163629083894e-005	1.1173855824683501	1
0.30700000000000022	0.9530973557048128	1.1390804445142422	1
0.30750000000000022	1.1883901009923648	1.156794047526152	1
0.30800000000000022	0.71462615380823991	1.1694903827222289	1
0.30850000000000022	-3.8994585338514298e-005	1.1707311595461776	1
0.30900000000000022	-3.8966163629083894e-005	1.157954689918463	1
0.30950000000000022	-3.8966163629083894e-005	1.1333625053568275	1
0.31000000000000022	0.70157187792574405	1.1031194063570273	1
0.31050000000000022	0.5805637499634031	1.0718401274239557	1
0.31100000000000022	-3.8994585338514298e-005	1.0359002042291683	1
0.31150000000000022	-3.8994585338514298e-005	0.99297547804139341	1
0.31200000000000022	-3.8994585338514298e-005	0.94459500493797866	1
0.31250000000000022	1.0069403657553266	0.89807869205378055	1
0.31300000000000022	1.3237012268518811	0.86152529032936165	1
0.31350000000000022	0.94847914766660324	0.83356389154192712	1
0.31400000000000022	-3.8994585338514298e-005	0.80544629254197775	1
0.31450000000000022	-3.8966163629083894e-005	0.77192300555686544	1
0.31500000000000022	1.2207648296680418	0.74139448786971296	1
0.31550000000000022	1.8974548652295198	0.72499536481342586	1
0.31600000000000023	1.9745154702377476	0.72530626154624533	1
0.31650000000000023	1.0938574632746167	0.73513073082450975	1
0.31700000000000023	-3.8966163629083894e-005	0.74129367286798797	1
0.31750000000000023	1.3407026244749431	0.74571645408585197	1
0.31800000000000023	2.2955382092959553	0.76216551994635284	1
0.31850000000000023	2.7539786913166608	0.79703798177849938	1
0.31900000000000023	2.373377405717747	0.84768656024879752	1
0.31950000000000023	0.9594188554729044	0.90060113649627682	1
0.32000000000000023	-3.8909320210223086e-005	0.94080081240121671	1
0.32050000000000023	1.2523203167802421	0.97140125148289869	1
0.32100000000000023	1.991292663205968	1.0052114912634904	1
0.32150000000000023	2.1504466474198125	1.0466692873977688	1
0.32200000000000023	1.3743810143296287	1.0905207481176928	1
0.32250000000000023	-3.8966163629083894e-005	1.1231906609636888	1
0.32300000000000023	-3.8966163629083894e-005	1.1378074637316484	1
0.32350000000000023	1.1036094349492487	1.1433606173564976	1
0.32400000000000023	1.5739231429279243	1.1504106490353119	1
0.32450000000000023	1.3878221523100365	1.1603346313422562	1
0.32500000000000023	0.18037326299236156	1.164360630668752	1
0.32550000000000023	-3.8966163629083894e-005	1.1551032490523727	1
0.32600000000000023	-3.8966163629083894e-005	1.133549052280733	1
0.32650000000000023	0.89561299887463974	1.1070438715932289	1
0.32700000000000023	1.046357084533156	1.0828081655650783	1
0.32750000000000024	0.47145414328042534	1.0582900701705349	1
0.32800000000000024	-3.8994585338514298e-005	1.0276376767278503	1
0.32850000000000024	-3.8994585338514298e-005	0.98932462594711246	1
0.32900000000000024	1.146393074691332	0.95169840273690154	1
0.32950000000000024	1.6887242253460499	0.92508178154718068	1
0.33000000000000024	1.5931194354834588	0.91081836916610492	1
0.33050000000000024	0.49672238588982509	0.90022628655168868	1
0.33100000000000024	-3.9051428757375106e-005	0.88347995410466074	1
0.33150000000000024	1.304101289179016	0.86644821730946076	1
0.33200000000000024	2.1577081952273147	0.86212383905554479	1
0.33250000000000024	2.4723904914480954	0.8756022083712669	1
0.33300000000000024	1.8987264240877266	0.90258945247118427	1
0.33350000000000024	0.25385210733475105	0.92768152969014517	1
0.33400000000000024	-3.9023007047944702e-005	0.93963968907615325	1
0.33450000000000024	1.1854506141162346	0.94574858399998707	1
0.33500000000000024	1.7965839163025521	0.95740761323907209	1
0.33550000000000024	1.7887125522975111	0.97723164637798354	1
0.33600000000000024	0.80126172008476715	0.99791079639000346	1
0.33650000000000024	-3.8994585338514298e-005	1.0085061835758633	1
0.33700000000000024	-3.8966163629083894e-005	1.0056329804994422	1
0.33750000000000024	1.0069403799661814	0.9972454823537924	1
0.33800000000000024	1.3237012410627358	0.99207122102730227	1
0.33850000000000025	0.94847916898288531	0.98935585197188936	1
0.33900000000000025	-3.8994585338514298e-005	0.98095001909258117	1
0.33950000000000025	-3.8966163629083894e-005	0.96218087989251977	1
0.34000000000000025	1.2207648865114606	0.94199976890700998	1
0.34050000000000025	1.8974547657535368	0.93206367877645957	1
0.34100000000000025	1.9745153565509099	0.93544509001829568	1
0.34150000000000025	1.0938572572172234	0.94540755053661363	1
0.34200000000000025	-3.8966163629083894e-005	0.94920332109639749	1
0.34250000000000025	-3.8966163629083894e-005	0.94122601811673956	1
0.34300000000000025	1.0571183679530805	0.92953871526482534	1
0.34350000000000025	1.452231032317286	0.92340345425751835	1
0.34400000000000025	1.1729106574875914	0.92276474238489226	1
0.34450000000000025	-3.8994585338514298e-005	0.91824485285088564	1
0.34500000000000025	-3.9023007047944702e-005	0.90353421980914339	1
0.34550000000000025	1.2523203167802421	0.88769742742432867	1
0.34600000000000025	1.9912926774168227	0.88285278958642532	1
0.34650000000000025	2.1504466758415219	0.89275641271916184	1
0.34700000000000025	1.3743810427513381	0.91148855874298262	1
0.34750000000000025	-3.8994585338514298e-005	0.92482952843578126	1
0.34800000000000025	-3.8994585338514298e-005	0.92528912448193834	1
0.34850000000000025	1.1036093781058298	0.92126755356358014	1
0.34900000000000025	1.5739232708256168	0.922768135956887	1
0.34950000000000025	1.3878222659968742	0.93064468039430825	1
0.35000000000000026	0.18037343352261814	0.93563714996939695	1
0.35050000000000026	-3.8994585338514298e-005	0.92990782832014751	1
0.35100000000000026	1.280103191447779	0.92159098687325613	1
0.35150000000000026	2.0780565677114282	0.92344252170759078	1
0.35200000000000026	2.3164294162825172	0.94007651245333967	1
0.35250000000000026	1.6427101101612607	0.96656151739707075	1
0.35300000000000026	-3.8966163629083894e-005	0.98745587772650989	1
0.35350000000000026	-3.8966163629083894e-005	0.99362380494328573	1
0.35400000000000026	1.1463930320587679	0.99392075599839114	1
0.35450000000000026	1.6887241827134858	0.99918066532383432	1
0.35500000000000026	1.5931194354834588	1.0112549812432663	1
0.35550000000000026	0.49672240720610716	1.0219608312170936	1
0.35600000000000026	-3.893774191965349e-005	1.0219582026577076	1
0.35650000000000026	-3.8994585338514298e-005	1.0098783669216613	1
0.35700000000000026	0.95309736991566751	0.9932627294034575	1
0.35750000000000026	1.1883901009923648	0.97999338930908886	1
0.35800000000000026	0.71462613959738519	0.96832855518612959	1
0.35850000000000026	-3.8966163629083894e-005	0.95114914739102951	1
0.35900000000000026	-3.8966163629083894e-005	0.92524207099767375	1
0.35950000000000026	1.1854505714836705	0.89919507518988151	1
0.36000000000000026	1.7965838310374238	0.88395236048058634	1
0.36050000000000026	1.7887124386106734	0.88167809668691366	1
0.36100000000000027	0.80126159218707471	0.88462086339362722	1
0.36150000000000027	-3.8994585338514298e-005	0.88141329160510373	1
0.36200000000000027	1.3243040086763358	0.87608356575278423	1
0.36250000000000027	2.2302125444184639	0.88218326628024668	1
0.36300000000000027	2.618261419229384	0.90561408998971515	1
0.36350000000000027	2.1423175837753661	0.94304446313301349	1
0.36400000000000027	0.61375854798484397	0.98013984853036806	1
0.36450000000000027	-3.8994585338514298e-005	1.0038520744594126	1
0.36500000000000027	1.2207648580897512	1.0194453934576226	1
0.36550000000000027	1.8974548368078104	1.0391351682514651	1
0.36600000000000027	1.9745154702377476	1.0665432288133783	1
0.36650000000000027	1.0938574348529073	1.0954682789998802	1
0.36700000000000027	-3.8994585338514298e-005	1.1136792928150732	1
0.36750000000000027	-3.8966163629083894e-005	1.1160647500666376	1
0.36800000000000027	1.0571184105856446	1.1111580878765921	1
0.36850000000000027	1.4522310891607049	1.1086652353714053	1
0.36900000000000027	1.1729107143310102	1.1089467384436427	1
0.36950000000000027	-3.8966163629083894e-005	1.1030122174232662	1
0.37000000000000027	-3.893774191965349e-005	1.0849103823690931	1
0.37050000000000027	1.2523203167802421	1.0640350402310721	1
0.37100000000000027	1.991292663205968	1.0528050339446169	1
0.37150000000000027	2.1504466758415219	1.0552489522301791	1
0.37200000000000027	1.3743810427513381	1.0656923748356937	1
0.37250000000000028	-3.8966163629083894e-005	1.0701348306342575	1
0.37300000000000028	-3.893774191965349e-005	1.0612804865928143	1
0.37350000000000028	1.1036094065275392	1.047700389690446	1
0.37400000000000028	1.5739231571387791	1.0395465981721612	1
0.37450000000000028	1.3878221523100365	1.0378010331429282	1
0.37500000000000028	0.1803732558869342	1.0333126480414998	1
0.37550000000000028	-3.8966163629083894e-005	1.0183351048788702	1
0.37600000000000028	1.280103191447779	1.0010779370044607	1
0.37650000000000028	2.0780564682354452	0.99435765216654037	1
0.37700000000000028	2.3164293168065342	1.002835720242407	1
0.37750000000000028	1.642709918314722	1.0216162423015307	1
0.37800000000000028	-3.8994585338514298e-005	1.0352825688745928	1
0.37850000000000028	-3.8994585338514298e-005	1.0347146323024299	1
0.37900000000000028	1.146393074691332	1.0287754937858804	1
0.37950000000000028	1.6887242111351952	1.0282996733680951	1
0.38000000000000028	1.5931194354834588	1.0351332056577771	1
0.38050000000000028	0.49672239299525245	1.0410827472639868	1
0.38100000000000028	-3.9051428757375106e-005	1.0367936207265447	1
0.38150000000000028	-3.8966163629083894e-005	1.0208790266874637	1
0.38200000000000028	0.95309741254823166	1.0008596055170442	1
0.38250000000000028	1.1883902004683478	0.98459463544836856	1
0.38300000000000028	0.71462628170593234	0.9703180192280938	1
0.38350000000000029	-3.8994585338514298e-005	0.95088538952075841	1
0.38400000000000029	-3.8966163629083894e-005	0.92305782555572802	1
0.38450000000000029	1.1854506425379441	0.89539709795643962	1
0.38500000000000029	1.7965839163025521	0.87882160379370622	1
0.38550000000000029	1.7887125522975111	0.87547016371101427	1
0.38600000000000029	0.80126172008476715	0.87756669575355128	1
0.38650000000000029	-3.8994585338514298e-005	0.87372004694558469	1
0.38700000000000029	1.3243040370980452	0.86793564900027997	1
0.38750000000000029	2.2302126012618828	0.87374347976743449	1
0.38800000000000029	2.618261419229384	0.89702486919563418	1
0.38850000000000029	2.1423176121970755	0.93442917284215232	1
0.38900000000000029	0.61375860127554915	0.97160411523364443	1
0.38950000000000029	-3.8994585338514298e-005	0.99548513250102233	1
0.39000000000000029	1.2207648580897512	1.0113214283101597	1
0.39050000000000029	1.8974547515426821	1.0313146410872114	1
0.39100000000000029	1.9745153565509099	1.0590741695175694	1
0.39150000000000029	1.0938572572172234	1.0883875372350174	1
0.39200000000000029	-3.8994585338514298e-005	1.1070137392859649	1
0.39250000000000029	-3.8966163629083894e-005	1.1098324191437541	1
0.39300000000000029	1.0571183679530805	1.1053692558134607	1
0.39350000000000029	1.452231032317286	1.1033234336927717	1
0.39400000000000029	1.1729106574875914	1.1040496991305595	1
0.39450000000000029	-3.8966163629083894e-005	1.0985527485345421	1
0.3950000000000003	-3.9051428757375106e-005	1.0808771726680662	1
0.3955000000000003	1.2523203452019516	1.0604133959616953	1
0.3960000000000003	1.9912926916276774	1.0495775479679643	1
0.3965000000000003	2.1504466758415219	1.0523961056612361	1
0.3970000000000003	1.3743810498567655	1.0631930766738549	1
0.3975000000000003	-3.8994585338514298e-005	1.0679668969475138	1
0.3980000000000003	-3.8994585338514298e-005	1.0594210623513578	1
0.3985000000000003	1.1036094065275392	1.0461263175779349	1
0.3990000000000003	1.5739232424039074	1.0382347371428868	1
0.3995000000000003	1.3878222659968742	1.0367285293461692	1
0.4000000000000003	0.18037346194432757	1.0324571629290762	1
0.4005000000000003	-3.8994585338514298e-005	1.0176750022584011	1
0.4010000000000003	1.2801031630260695	1.0005924354365752	1
0.4015000000000003	2.0780565677114282	0.99402694765418609	1
0.4020000000000003	2.3164294162825172	1.0026410772800047	1
0.4025000000000003	1.6427101101612607	1.0215400587678378	1
0.4030000000000003	-3.8966163629083894e-005	1.0353084172829214	1
0.4035000000000003	-3.8966163629083894e-005	1.0348272815549282	1
0.4040000000000003	1.1463930604804773	1.0289609148664931	1
0.4045000000000003	1.6887241542917764	1.0285450290313021	1
0.4050000000000003	1.5931194070617494	1.0354268282135808	1
0.4055000000000003	0.49672243562781659	1.0414141060431965	1
0.40600000000000031	-3.893774191965349e-005	1.037153280448728	1
0.40650000000000031	-3.8994585338514298e-005	1.0212585974627761	1
0.40700000000000031	0.9530973557048128	1.0012516884798617	1
0.40750000000000031	1.1883901152032195	0.98499276589199725	1
0.40800000000000031	0.71462614670281255	0.97071660622088474	1
0.40850000000000031	-3.8966163629083894e-005	0.95127965528919467	1
0.40900000000000031	-3.8966163629083894e-005	0.92344374311775035	1
0.40950000000000031	1.1854505999053799	0.89577132766212642	1
0.41000000000000031	1.7965838310374238	0.87918143216018496	1
0.41050000000000031	1.7887124670323828	0.87581344414110396	1
0.41100000000000031	0.80126159218707471	0.87789179097535142	1
0.41150000000000031	-3.8966163629083894e-005	0.87402577477705645	1
0.41200000000000031	1.3243039802546264	0.86822122949411784	1
0.41250000000000031	2.2302125444184639	0.87400848466274539	1
0.41300000000000031	2.6182613908076746	0.89726917620350644	1
0.41350000000000031	2.1423175766699387	0.9346529222890535	1
0.41400000000000031	0.61375855153755765	0.97180766973391863	1
0.41450000000000031	-3.8994585338514298e-005	0.99566904048965321	1
0.41500000000000031	1.2207648296680418	1.0114863902944149	1
0.41550000000000031	1.8974548368078104	1.0314614794999366	1
0.41600000000000031	1.9745154702377476	1.0592038014977017	1
0.41650000000000031	1.0938574348529073	1.088500949640989	1
0.41700000000000031	-3.8966163629083894e-005	1.1071119657846813	1
0.41750000000000032	-3.8966163629083894e-005	1.1099165206018133	1
0.41800000000000032	1.0571184105856446	1.105440304914836	1
0.41850000000000032	1.4522310749498502	1.1033825007014304	1
0.41900000000000032	1.1729107214364376	1.1040978394705319	1
0.41950000000000032	-3.8966163629083894e-005	1.0985909921103358	1
0.42000000000000032	-3.893774191965349e-005	1.0809065159726077	1
0.42050000000000032	1.2523203167802421	1.0604347947259933	1
0.42100000000000032	1.9912926916276774	1.0495919113257577	1
0.42150000000000032	2.1504466474198125	1.0524042928935204	1
0.42200000000000032	1.3743810143296287	1.0631958941371054	1
0.42250000000000032	-3.8966163629083894e-005	1.0679650968324381	1
0.42300000000000032	-3.893774191965349e-005	1.0594153419274606	1
0.42350000000000032	1.1036094349492487	1.0461173184419086	1
0.42400000000000032	1.5739231429279243	1.0382230448570093	1
0.42450000000000032	1.3878221380991818	1.0367146747154612	1
0.42500000000000032	0.1803732558869342	1.0324416240326157	1
0.42550000000000032	-3.8966163629083894e-005	1.0176582080661245	1
0.42600000000000032	1.2801032198694884	1.0005747685536732	1
0.42650000000000032	2.0780564682354452	0.99400874427302599	1
0.42700000000000032	2.3164293168065342	1.0026226298287944	1
0.42750000000000032	1.642709918314722	1.0215216192348127	1
0.42800000000000032	-3.8994585338514298e-005	1.0352902011199376	1
0.42850000000000033	-3.8966163629083894e-005	1.0348094711898745	1
0.42900000000000033	1.146393074691332	1.0289436614967296	1
0.42950000000000033	1.6887242253460499	1.0285284555734293	1
0.43000000000000033	1.5931194354834588	1.0354110316520921	1
0.43050000000000033	0.49672238588982509	1.0413991592801768	1
0.43100000000000033	-3.9051428757375106e-005	1.0371392348393167	1
0.43150000000000033	-3.8966163629083894e-005	1.0212454866618388	1
0.43200000000000033	0.95309738412652223	1.0012395310114539	1
0.43250000000000033	1.1883902004683478	0.98498156664008252	1
0.43300000000000033	0.71462625328422291	0.97070635849294162	1
0.43350000000000033	-3.8994585338514298e-005	0.95127034145521194	1
0.43400000000000033	-3.8966163629083894e-005	0.92343533646057163	1
0.43450000000000033	1.1854506141162346	0.895763794904195	1
0.43500000000000033	1.7965839305134068	0.87917473515238576	1
0.43550000000000033	1.7887125380866564	0.87580754077433476	1
0.43600000000000033	0.80126172008476715	0.87788663608950945	1
0.43650000000000033	-3.8994585338514298e-005	0.87402132038532221	1
0.43700000000000033	1.3243040086763358	0.86821742576355809	1
0.43750000000000033	2.2302126012618828	0.87400528186488546	1
0.43800000000000033	2.618261419229384	0.89726652478290658	1
0.43850000000000033	2.1423175837753661	0.93465077312973077	1
0.43900000000000033	0.61375860127554915	0.97180597509534195	1
0.43950000000000033	-3.8966163629083894e-005	0.99566775436971267	1
0.44000000000000034	1.2207648580897512	1.0114854684668415	1
0.44050000000000034	1.8974547373318273	1.0314608791473987	1
0.44100000000000034	1.9745153707617646	1.0592034815116951	1
0.44150000000000034	1.093857250111796	1.0885008711095714	1
0.44200000000000034	-3.8994585338514298e-005	1.1071120930546539	1
0.44250000000000034	-3.8966163629083894e-005	1.1099168218950988	1
0.44300000000000034	1.0571183963747899	1.1054407511295077	1
0.44350000000000034	1.452231032317286	1.1033830650282648	1
0.44400000000000034	1.1729106574875914	1.1040984973324524	1
0.44450000000000034	-3.8966163629083894e-005	1.098591721672121	1
0.44500000000000034	-3.9051428757375106e-005	1.080907297452034	1
0.44550000000000034	1.2523203167802421	1.0604356106211794	1
0.44600000000000034	1.9912926916276774	1.0495927469601656	1
0.44650000000000034	2.1504466758415219	1.052405135672269	1
0.44700000000000034	1.3743810498567655	1.0631967334332781	1
0.44750000000000034	-3.8994585338514298e-005	1.0679659232789782	1
0.44800000000000034	-3.8966163629083894e-005	1.0594161473015824	1
0.44850000000000034	1.1036093781058298	1.0461180958048009	1
0.44900000000000034	1.5739232424039074	1.0382237893716724	1
0.44950000000000034	1.3878222659968742	1.036715383732276	1
0.45000000000000034	0.18037340510090871	1.0324422960029622	1
0.45050000000000034	-3.8994585338514298e-005	1.017658841182064	1
0.45100000000000035	1.280103191447779	1.0005753606812962	1
0.45150000000000035	2.0780565535005735	0.9940092947467265	1
0.45200000000000035	2.3164294162825172	1.0026231393283107	1
0.45250000000000035	1.6427101101612607	1.0215220894544357	1
0.45300000000000035	-3.8966163629083894e-005	1.0352906335504524	1
0.45350000000000035	-3.8966163629083894e-005	1.0348098664169756	1
0.45400000000000035	1.1463930320587679	1.0289440200402413	1
0.45450000000000035	1.6887242111351952	1.0285287782266765	1
0.45500000000000035	1.5931194354834588	1.0354113197683927	1
0.45550000000000035	0.49672240720610716	1.0413994146329439	1
0.45600000000000035	-3.893774191965349e-005	1.0371394600014783	1
0.45650000000000035	-3.8994585338514298e-005	1.0212456838928254	1
0.45700000000000035	0.9530973557048128	1.0012397017305574	1
0.45750000000000035	1.1883901152032195	0.98498171203640028	1
0.45800000000000035	0.71462614670281255	0.97070647941904564	1
0.45850000000000035	-3.8966163629083894e-005	0.95127043959988888	1
0.45900000000000035	-3.8966163629083894e-005	0.9234354141645531	1
0.45950000000000035	1.1854505714836705	0.89576385398750746	1
0.46000000000000035	1.7965838594591332	0.87917477696901492	1
0.46050000000000035	1.7887124670323828	0.87580756651630776	1
0.46100000000000035	0.80126159218707471	0.87788664662856231	1
0.46150000000000035	-3.8966163629083894e-005	0.87402131723311527	1
0.46200000000000035	1.3243040086763358	0.86821741112813766	1
0.46250000000000036	2.2302125586293187	0.87400525734714674	1
0.46300000000000036	2.618261419229384	0.89726649186633956	1
0.46350000000000036	2.1423175837753661	0.93465073343197258	1
0.46400000000000036	0.61375854798484397	0.97180592976264302	1
0.46450000000000036	-3.8994585338514298e-005	0.99566770427929396	1
0.46500000000000036	1.2207648296680418	1.0114854145707692	1
0.46550000000000036	1.8974548368078104	1.0314608230591626	1
0.46600000000000036	1.9745154418160382	1.0592034252224434	1
0.46650000000000036	1.0938574348529073	1.0885008168253647	1
0.46700000000000036	-3.8966163629083894e-005	1.107112042383231	1
0.46750000000000036	-3.8966163629083894e-005	1.1099167750747108	1
0.46800000000000036	1.0571184105856446	1.1054407082340734	1
0.46850000000000036	1.4522310891607049	1.1033830264103834	1
0.46900000000000036	1.1729107143310102	1.1040984634944992	1
0.46950000000000036	-3.8966163629083894e-005	1.0985916926506163	1
0.47000000000000036	-3.893774191965349e-005	1.0809072735571137	1
0.47050000000000036	1.2523203167802421	1.0604355920570259	1
0.47100000000000036	1.9912926916276774	1.0495927331663404	1
0.47150000000000036	2.1504466474198125	1.0524051259460061	1
0.47200000000000036	1.3743810427513381	1.063196727084563	1
0.47250000000000036	-3.8966163629083894e-005	1.0679659200146998	1
0.47300000000000036	-3.8966163629083894e-005	1.0594161468770418	1
0.47350000000000037	1.103609420738394	1.0461180980615061	1
0.47400000000000037	1.5739231571387791	1.0382237936388146	1
0.47450000000000037	1.3878221523100365	1.0367153884897553	1
0.47500000000000037	0.1803732558869342	1.0324422995693932	1
0.47550000000000037	-3.8966163629083894e-005	1.0176588429757956	1
0.47600000000000037	1.280103191447779	1.0005753611083923	1
0.47650000000000037	2.0780564966571546	0.99400929366618362	1
0.47700000000000037	2.3164293168065342	1.0026231360497841	1
0.47750000000000037	1.642709918314722	1.0215220826168339	1
0.47800000000000037	-3.8994585338514298e-005	1.0352906224537024	1
0.47850000000000037	-3.8966163629083894e-005	1.0348098516473347	1
0.47900000000000037	1.1463931031130414	1.0289440027293957	1
0.47950000000000037	1.6887242111351952	1.0285287593707917	1
0.48000000000000037	1.5931194354834588	1.0354112998163203	1
0.48050000000000037	0.49672238588982509	1.0413993938548747	1
0.48100000000000037	-3.9051428757375106e-005	1.0371394379660834	1
0.48150000000000037	-3.8966163629083894e-005	1.0212456605406257	1
0.48200000000000037	0.95309744096994109	1.0012396782019071	1
0.48250000000000037	1.1883902004683478	0.98498168964279753	1
0.48300000000000037	0.71462622486251348	0.97070645922473464	1
0.48350000000000037	-3.8994585338514298e-005	0.951270421815683	1
0.48400000000000037	-3.8966163629083894e-005	0.92343539848011358	1
0.48450000000000037	1.1854506425379441	0.89576384070086512	1
0.48500000000000038	1.7965839447242615	0.87917476681008233	1
0.48550000000000038	1.7887125380866564	0.8758075600712586	1
0.48600000000000038	0.80126172008476715	0.87788664460583932	1
0.48650000000000038	-3.8994585338514298e-005	0.8740213195974782	1
0.48700000000000038	1.3243040086763358	0.86821741704193223	1
0.48750000000000038	2.2302125728401734	0.8740052663052188	1
0.48800000000000038	2.618261419229384	0.89726650340145642	1
0.48850000000000038	2.1423176121970755	0.93465074719876629	1
0.48900000000000038	0.61375860127554915	0.97180594575478063	1
0.48950000000000038	-3.8966163629083894e-005	0.99566772246507085	1
0.49000000000000038	1.2207648865114606	1.0114854349181877	1
0.49050000000000038	1.8974547373318273	1.031460844759635	1
0.49100000000000038	1.9745153565509099	1.0592034467299853	1
0.49150000000000038	1.093857250111796	1.0885008363186133	1
0.49200000000000038	-3.8966163629083894e-005	1.1071120588348857	1
0.49250000000000038	-3.8966163629083894e-005	1.1099167887352988	1
0.49300000000000038	1.057118339531371	1.1054407189306088	1
0.49350000000000038	1.452231032317286	1.1033830336943371	1
0.49400000000000038	1.1729106574875914	1.1040984671072545	1
0.49450000000000038	-3.8966163629083894e-005	1.0985916927506505	1
0.49500000000000038	-3.9051428757375106e-005	1.0809072699853559	1
0.49550000000000038	-3.8966163629083894e-005	1.0530356209324698	1
0.49600000000000039	0.83451251953192696	1.0217275972084208	1
0.49650000000000039	0.89766433575277915	0.99316024923109369	1
0.49700000000000039	0.21906997460519051	0.96363371144622734	1
0.49750000000000039	-3.8994585338514298e-005	0.92833286884049582	1
0.49800000000000039	-3.8994585338514298e-005	0.88722492567285038	1
0.49850000000000039	1.1036094065275392	0.84816644332105107	1
0.49900000000000039	1.5739232424039074	0.8206194481783754	1
0.49950000000000039	1.3878222375751648	0.80490485951561563	1
0.50000000000000033	0.18037343352261814	0.79124322409275105	1
