Time	V_out	V_out_filtrado	Vt_ref
0.00050000000000000001	-1	-0.0059088185709797198	101
0.001	303.61604258476734	1.7772198679287852	101.23604636841171
0.0015	287.27850995005758	6.7699858261943637	99.581195185606305
0.002	260.6931520879495	14.19023395322451	95.705122017223431
0.0025000000000000001	224.80177578005251	23.226001204175283	90.224231346982407
0.0030000000000000001	259.99796685739796	33.530068675550915	84.808923206143405
0.0035000000000000001	259.99761862343325	45.003096404789922	80.496085578072567
0.0040000000000000001	259.99727274776217	57.338492294481867	77.187232648724049
0.0045000000000000005	259.99727274776205	70.264325648864158	74.786418164273456
0.005000000000000001	259.99989387798752	83.541485706731862	73.200997779874527
0.0055000000000000014	259.99983636757651	96.961688358159321	72.342236659514754
0.0060000000000000019	259.99976537518239	110.3454124587352	72.12579564590115
0.0065000000000000023	259.99966694940235	123.53982935725845	72.472093117611635
0.0070000000000000027	259.99727274776211	136.41669071365808	73.306538042705995
0.0075000000000000032	259.99727274776217	148.87026261557008	74.559678956728519
0.0080000000000000036	259.99989387798746	160.81531058397249	76.167274897251531
0.0085000000000000041	259.99799820611162	172.18506720285635	78.070287562178834
0.0090000000000000045	259.9976629912652	182.92931339014424	80.214826866233864
0.009500000000000005	259.99727274776211	193.01257742303329	82.552041370523753
0.010000000000000005	259.99727274776211	202.41238986553998	85.037946213846311
0.010500000000000006	259.99989387798746	211.11766284900878	87.633230463147854
0.011000000000000006	259.99984419730345	219.12713803974381	90.303033937710651
0.011500000000000007	259.99977327520264	226.44794796114633	93.016717613879166
0.012000000000000007	259.99967432192057	233.09431984489683	95.747616623297262
0.012500000000000008	259.99727274776205	239.0863561534614	98.47276292841471
0.013000000000000008	259.99727274776205	244.44895190154909	101.17261309678869
0.013500000000000009	259.99822593963916	249.21081860484287	103.83077173581374
0.014000000000000009	259.99802803082656	253.40356568039118	106.43373619981901
0.014500000000000009	259.99960119875595	257.06090780485778	108.97064218921449
0.01500000000000001	259.99727274776211	260.21794226186915	111.43299745522231
0.01550000000000001	259.99727274776217	262.91053521078032	113.81443034365145
0.016000000000000011	259.99989387798746	265.17482389848578	116.11045393339717
0.016500000000000011	259.99985200190594	267.04672045229671	118.31823950430827
0.017000000000000012	259.99978118125381	268.56150475675287	120.43641698624438
0.017500000000000012	259.99968174387328	269.75351558390037	122.46488638921544
0.018000000000000013	259.99727274776211	270.65586898711558	124.40462252428722
0.018500000000000013	259.99727274776217	271.30026021909924	126.25750308195946
0.019000000000000013	259.99823991775395	271.71681637542258	128.02614711377763
0.019500000000000014	259.99805631846084	271.93394873074374	129.71378746778893
0.020000000000000014	259.99961560717668	271.97827257087886	131.32415216298568
0.020500000000000015	259.99762139342488	271.87454119586806	132.86133918343575
0.021000000000000015	259.99727274776211	271.64562520408805	134.32970968323366
0.021500000000000016	259.99992792031674	271.31255637698342	135.73378786945688
0.022000000000000016	259.99985981117413	270.89452231373599	137.07819632659167
0.022500000000000017	259.9997579572269	270.40889151102169	138.36759714535327
0.023000000000000017	259.99972034339112	269.87129069078304	139.60662263917021
0.023500000000000017	259.99727274776222	269.29566088788704	140.79982336700905
0.024000000000000018	259.99727274776205	268.69435337728294	141.95162274241474
0.024500000000000018	259.99825226584744	268.07823630057618	143.06627547541376
0.025000000000000019	259.99808305660616	267.45676194367149	144.14785416886909
0.025500000000000019	259.99963009071297	266.83806650782287	145.20023732539067
0.02600000000000002	259.99766067367995	266.2290524948416	146.22708322001432
0.02650000000000002	259.99727274776217	265.63548681403887	147.23181517356673
0.027000000000000021	260.69319591328008	265.06623390760586	148.08685090414437
0.027500000000000021	259.99957074791325	264.52447793072901	148.814500131671
0.028000000000000021	259.99979699757546	264.00850154187088	149.56607886946392
0.028500000000000022	259.99969672304155	263.52063188350849	150.34102749821022
0.029000000000000022	259.99727274776205	263.06250785213234	151.13859315292049
0.029500000000000023	259.99727274776217	262.63517766414003	151.95786291343242
0.030000000000000023	259.99826297850313	262.23919245874873	152.79778958998779
0.030500000000000024	259.99810823353471	261.87465141257525	153.65723631546325
0.031000000000000024	259.99964464301149	261.54127082557403	154.53501259393926
0.031500000000000021	259.99769857803562	261.23842967179928	155.42988758648346
0.032000000000000021	259.99727274776205	260.96522527498956	156.34060743258107
0.032500000000000022	264.12689577835596	260.7449494646213	157.08207327557685
0.033000000000000022	259.99945797788462	260.57247551796468	157.68027233328019
0.033500000000000023	259.9998049009086	260.41846263774954	158.3429228453374
0.034000000000000023	259.99970427368646	260.2820317299965	159.0645880644864
0.034500000000000024	259.99727274776211	260.16220810619723	159.83993071153088
0.035000000000000024	259.99727274776211	260.05796399802398	160.66375713726421
0.035500000000000025	259.99827205102218	259.96825814557945	161.53104868672287
0.036000000000000025	259.99813183820299	259.89202897563342	162.43700831786276
0.036500000000000025	259.99965925768907	259.82821406752515	163.37709450123151
0.037000000000000026	259.99773508986607	259.77574917082427	164.34702894290575
0.037500000000000026	259.99727274776205	259.73357983385426	165.34280597693947
0.038000000000000027	267.44386304636396	259.74469610913314	166.12578858193206
0.038500000000000027	259.99934971874706	259.80118389823792	166.72733696467847
0.039000000000000028	259.99981279640031	259.85175283511433	167.4112781432101
0.039500000000000028	259.99971186062857	259.89667330653754	168.16929893504999
0.040000000000000029	259.99727274776205	259.93622574815788	168.99342886937282
0.040500000000000029	259.99727274776205	259.97071360532033	169.87607953228229
0.041000000000000029	259.99827947942521	260.000476145493	170.81006874343481
0.04150000000000003	259.99815386025699	260.02585810547862	171.78865927510026
0.04200000000000003	259.99967392833543	260.04720859281844	172.80558309222482
0.042500000000000031	259.99777019315582	260.06486278100698	173.85503821119207
0.043000000000000031	259.99727274776211	260.07913857234922	174.93168702263995
0.043500000000000032	270.64264370980931	260.15326010324299	175.74669537644664
0.044000000000000032	237.72745989463718	260.14600848318963	176.30385822173878
0.044500000000000033	259.99727274776211	260.00647169358439	176.92693503951901
0.045000000000000033	259.99727274776205	259.88723863975332	177.64425800852814
0.045500000000000033	259.99989387798757	259.78676368588657	178.44538114225548
0.046000000000000034	259.99727277418663	259.70349013885584	179.32039623118925
0.046500000000000034	259.99828526045366	259.63587624463491	180.25996270715063
0.047000000000000035	259.99817429003724	259.58243555989782	181.25534437635963
0.047500000000000035	259.99968864851553	259.54173456056833	182.29843405271384
0.048000000000000036	259.9978038725074	259.51238839471205	183.38174893237863
0.048500000000000036	259.99727274776205	259.49306852280858	184.49842605143647
0.049000000000000037	273.72183492421118	259.56362935122002	185.31126019598025
0.049500000000000037	241.82817654900731	259.60273072909149	185.72178794756721
0.050000000000000037	259.99727274776217	259.53341673744268	186.12209591145523
0.050500000000000038	259.99727274776211	259.47972417723599	186.66120942154078
0.051000000000000038	259.99989387798752	259.44001784005764	187.32427008750591
0.051500000000000039	287.27853478122825	259.5739209833975	187.56261153987379
0.052000000000000039	260.69317875925879	259.85855083911241	186.81759454945797
0.05250000000000004	224.80180037615781	259.89933067834636	185.49535308807526
0.05300000000000004	259.99727274776205	259.72733873235177	184.32328205415436
0.053500000000000041	259.99727274776217	259.58369698797952	183.58367942340325
0.054000000000000041	259.99989387798746	259.46597116754731	183.23383907605449
0.054500000000000041	276.6800843912244	259.47033705151421	182.85682012235208
0.055000000000000042	245.82194176773123	259.49510764572693	182.22307344960009
0.055500000000000042	259.99727274776205	259.43842956520558	181.75918064683628
0.056000000000000043	259.99727274776217	259.39664696806346	181.70123504621267
0.056500000000000043	259.99989387798746	259.36809009517083	182.00235463071283
0.057000000000000044	259.99727277418668	259.35116166734065	182.61827238770587
0.057500000000000044	264.12689547019625	259.36874634962822	183.32363900596573
0.058000000000000045	259.99821033763419	259.41559304645483	184.1070234115528
0.058500000000000045	259.99799820611162	259.46247057769148	185.1415842832543
0.059000000000000045	259.99958687177019	259.50882858469521	186.39017429413707
0.059500000000000046	259.99727274776205	259.55419093850162	187.81855254126248
0.060000000000000046	279.51609618823153	259.71348672727686	188.97664483185935
0.060500000000000047	249.70700446632839	259.90736312022875	189.55147874547006
0.061000000000000047	259.99727274776205	260.01313707047296	190.04454089286247
0.061500000000000048	259.99727274776205	260.10325016740188	190.81685231609163
0.062000000000000048	259.99989387798757	260.17894395722294	191.83025360684641
0.062500000000000042	259.99727277418663	260.24143327834383	193.04931849384874
0.063000000000000042	267.44386304626647	260.33589636259592	194.20646399768628
0.063500000000000043	259.99822593963916	260.45654515947945	195.30655754202382
0.064000000000000043	259.99802803082656	260.5541271626206	196.58933897857983
0.064500000000000043	259.9996011987559	260.63087168602993	198.02474634294293
0.065000000000000044	259.99727274776217	260.68891558441163	199.58531375257371
0.065500000000000044	282.22862656198487	260.86165585590089	200.78666515111331
0.066000000000000045	253.48166103255016	261.09177294042428	201.23135416257531
0.066500000000000045	259.99727274776211	261.23679286845328	201.4871442464418
0.067000000000000046	259.99727274776205	261.3459500389468	202.02914442650135
0.067500000000000046	259.99989387798746	261.42321622206742	202.82089876705203
0.068000000000000047	293.89932306358997	261.67266462169488	203.19743117432927
0.068500000000000047	270.64262367962607	262.12904525313917	202.35390387901538
0.069000000000000047	237.72743651057016	262.42478375347963	200.40665107565354
0.069500000000000048	259.99727274776211	262.51698363193918	198.40315299512912
0.070000000000000048	259.99727274776217	262.56591881984946	197.08020698513917
0.070500000000000049	259.99989387798757	262.57735557693087	196.36570916867282
0.071000000000000049	284.81648339785329	262.70329650081464	195.69286062836781
0.07150000000000005	257.14425355043886	262.9086293133617	194.53466601271322
0.07200000000000005	220.29172494535337	262.79804835815418	193.3446852437595
0.072500000000000051	259.99727274776205	262.43593255262061	192.68259100654728
0.073000000000000051	259.99727274776205	262.09797045592825	192.6202702374766
0.073500000000000051	259.99989387798763	261.78463809096655	193.08253830608152
0.074000000000000052	273.72183436955919	261.5771312361457	193.66806092845502
0.074500000000000052	241.82817631118888	261.35504783289616	194.21858215622694
0.075000000000000053	259.99727274776205	261.04204880008888	195.07080220202613
0.075500000000000053	259.99727274776211	260.76249073360913	196.32277615249353
0.076000000000000054	259.99989387798746	260.5148008518608	197.91304780353707
0.076500000000000054	287.2785338855108	260.45844437908039	199.25063660239584
0.077000000000000055	260.69317771277383	260.57019417626651	199.7387461388991
0.077500000000000055	224.80179990455667	260.45497414413614	199.74935298842831
0.078000000000000055	259.99727274776217	260.1432367147645	199.9795129207389
0.078500000000000056	259.99727274776205	259.87537753037549	200.68480304026025
0.079000000000000056	259.99989387798757	259.64815871600968	201.79920110284388
0.079500000000000057	276.68008439113743	259.55689600267908	202.88563231598846
0.080000000000000057	245.82194176761431	259.49900431659614	203.69736837901183
0.080500000000000058	259.99727274776211	259.37171033946896	204.6465370871008
0.081000000000000058	259.99727274776205	259.27043051077192	205.95727559355402
0.081500000000000059	259.99989387798746	259.19257166974415	207.57301914957154
0.082000000000000059	289.61369827146603	259.31062581846271	208.87305031162643
0.082500000000000059	264.12687729006615	259.61892387028985	209.18513318933566
0.08300000000000006	229.21239301117882	259.72909186949533	208.79158524059932
0.08350000000000006	259.99727274776211	259.64441069631158	208.51009853040432
0.084000000000000061	259.99727274776205	259.5762872901239	208.76170725214416
0.084500000000000061	259.99989387798757	259.52312000711805	209.47727104753179
0.085000000000000062	279.51609688975077	259.59868246021489	210.17356621951478
0.085500000000000062	249.70700504679806	259.72243135505471	210.50635707638821
0.086000000000000063	259.99727274776217	259.77052202211854	210.94784337472981
0.086500000000000063	259.99727274776217	259.81425729817983	211.83179276396464
0.087000000000000063	259.99989387798752	259.85377296133248	213.09485048100606
0.087500000000000064	291.82094941654003	260.07725963684243	214.07749368755066
0.088000000000000064	267.44384258352039	260.49914857923	214.02500314183254
0.088500000000000065	233.52156748972311	260.74094987631196	213.12236134184269
0.089000000000000065	259.99727274776217	260.78215009448451	212.29298915421202
0.089500000000000066	259.99727274776217	260.80804785261455	212.10824966386679
0.090000000000000066	259.99989387798746	260.82059114213604	212.487842643314
0.090500000000000067	282.22862579202967	260.95294635048668	212.89709944221391
0.091000000000000067	253.48166029000888	261.14750734260934	212.89104627386655
0.091500000000000067	259.99727274776217	261.26151392593806	212.99283774978181
0.092000000000000068	259.99727274776211	261.34390246245403	213.6359929998649
0.092500000000000068	259.99989387798757	261.39834011749696	214.74553497523226
0.093000000000000069	293.89932200637583	261.62859348092019	215.62104154662683
0.093500000000000069	270.64262222727501	262.06910786608978	215.4252730309907
0.09400000000000007	237.72743533751765	262.35200945159971	214.24514336546693
0.09450000000000007	259.99727274776217	262.43411030485566	213.10160567072128
0.09500000000000007	259.99727274776205	262.47540319254188	212.70771370697554
0.095500000000000071	259.99989387798757	262.48138530090307	212.97027687311737
0.096000000000000071	284.81648339777843	262.60380366322681	213.30392684917427
0.096500000000000072	257.14425355033075	262.80730499011617	213.16546750665776
0.097000000000000072	220.29172494521805	262.69635788623503	212.99447153383278
0.097500000000000073	259.99727274776217	262.33513123598755	213.33867941669789
0.098000000000000073	259.99727274776217	261.9991194559318	214.25994129564845
0.098500000000000074	295.84790454853618	261.90043967768804	215.01612546111281
0.099000000000000074	273.72181351632469	262.08663525156499	214.68841522840748
0.099500000000000074	241.82815239503378	262.19463925486644	213.26562422761248
0.10000000000000007	201.2967778322751	261.8066673651652	211.75073754984311
0.10050000000000008	259.99727274776205	261.1072174515059	211.00594410731796
0.10100000000000008	259.99727274776211	260.49697118013961	211.04581133099896
0.10150000000000008	287.27853478108506	260.13129089717853	211.23238360760635
0.10200000000000008	260.69317875905097	259.98283318939559	210.924041452636
0.10250000000000008	224.80180037589037	259.65241190634856	210.45030526042768
0.10300000000000008	259.99727274776205	259.16643880555466	210.46829707458238
0.10350000000000008	259.99727274776217	258.76137584067089	211.19628567360152
0.10400000000000008	297.66583901994375	258.65275050592197	211.84944270205426
0.10450000000000008	276.68006109449846	258.89705703623429	211.42820220941127
0.10500000000000008	245.82191578935618	259.13344255666863	209.8231761547724
0.10550000000000008	206.18457634340169	258.94372726176954	207.93030617006642
0.10600000000000008	259.99727274776217	258.47624584364451	206.76432057300775
0.10650000000000008	259.99727274776211	258.09512591501942	206.53801007708142
0.10700000000000008	289.61369731824783	257.96723591235445	206.55958194756067
0.10750000000000008	264.12687610152233	258.08144397467424	206.08946203336458
0.10800000000000008	229.21239229637172	258.04408423282581	205.34661561904539
0.10850000000000008	259.99727274776205	257.85336954264858	205.08953425942454
0.10900000000000008	259.99727274776211	257.71588983972549	205.68429559243981
0.10950000000000008	259.99989387798746	257.62549770011145	207.0110753640152
0.11000000000000008	279.51609618806492	257.6917062241755	208.5402125700549
0.11050000000000008	249.70700446609911	257.83000549564326	209.88520822313677
0.11100000000000008	259.99727274776205	257.91288200424242	211.48006172738465
0.11150000000000009	259.99727274776205	258.00826731431994	213.62426038748515
0.11200000000000009	259.99989387798746	258.11321980719202	216.22392077746645
0.11250000000000009	291.8209494164758	258.41313996774085	218.5925550655621
0.11300000000000009	267.44384258342262	258.91994711743115	219.9518399702385
0.11350000000000009	233.52156748959538	259.25290660529657	220.46630224201658
0.11400000000000009	259.99727274776205	259.38951489363143	221.04183644251836
0.11450000000000009	259.99727274776205	259.51332140041546	222.23498732282874
0.11500000000000009	300.90664182915759	259.86646180174745	223.22455900565544
0.11550000000000009	282.22860288155078	260.54257509665973	222.90083610246165
0.11600000000000009	253.4816351574238	261.20619866468905	221.0033237402659
0.11650000000000009	215.6841217825384	261.45811786470995	218.2531895811556
0.11700000000000009	259.99727274776217	261.39408240466901	215.97974420173756
0.11750000000000009	259.99727274776211	261.32290752278885	214.79830252454053
0.11800000000000009	293.89932306346958	261.4467998084931	213.94399668082036
0.11850000000000009	270.64262367943877	261.79866076616344	212.5179370825218
0.11900000000000009	237.72743651031968	262.009073846631	210.54850319977004
0.11950000000000009	259.99727274776205	262.03334303040373	209.00146518253163
0.12000000000000009	259.99727274776217	262.03000040355676	208.53820701607501
0.12050000000000009	259.99989387798746	262.00314021015419	209.01747830019528
0.12100000000000009	284.81648339770265	262.10317240586983	209.80950079436809
0.12150000000000009	257.14425355022246	262.29347865421568	210.33030907442213
0.12200000000000009	220.29172494508117	262.17733895601185	210.98229646604452
0.12250000000000009	259.99727274776205	261.81781289888727	212.27952821141523
0.1230000000000001	259.99727274776205	261.48936641735099	214.2535686968136
0.1235000000000001	295.84790344481837	261.40316930124578	216.13525199844557
0.1240000000000001	273.72181194225885	261.60589802867622	216.98182265962436
0.1245000000000001	241.82815100703914	261.73369775742844	216.76108102355528
0.12500000000000008	201.29677765170615	261.36807296211703	216.45774466151931
0.12550000000000008	259.99727274776211	260.69288419752928	216.91829487295237
0.12600000000000008	259.99727274776211	260.10824641983589	218.14396262892603
0.12650000000000008	287.27853388536812	259.76902223870781	219.48563788930781
0.12700000000000009	260.69317771256436	259.64743159190243	220.29254123985791
0.12750000000000009	224.80179990428985	259.34391070824546	220.88684417650825
0.12800000000000009	259.99727274776217	258.88454857529553	221.91995276655234
0.12850000000000009	259.99727274776205	258.50553501086347	223.60588133173817
0.12900000000000009	297.66583901989179	258.42217181693007	225.15684511411811
0.12950000000000009	276.68006109441262	258.69076985561168	225.57146491038026
0.13000000000000009	245.82191578923937	258.95033117483541	224.73953677710719
0.13050000000000009	206.18457634325645	258.78256529998987	223.55704753253815
0.13100000000000009	259.99727274776205	258.33572693640707	223.03950527803553
0.13150000000000009	259.99727274776217	257.97389084923225	223.40109827840729
0.13200000000000009	289.61369827133018	257.86389642658713	223.95194228890222
0.13250000000000009	264.12687728986469	257.99460341591782	223.95478539490901
0.13300000000000009	229.21239301091796	257.97235528078056	223.63124085288035
0.13350000000000009	259.99727274776205	257.79538923370359	223.74269503224505
0.13400000000000009	259.99727274776205	257.67033211369653	224.65829687512331
0.13450000000000009	299.35233251030468	257.8236100970658	225.55391856137891
0.13500000000000009	279.5160738943319	258.32802799332262	225.35450425385031
0.13550000000000009	249.70697967544533	258.83291211902991	223.85677656434598
0.13600000000000009	210.98105945537867	258.92726676731354	221.85299349099137
0.13650000000000009	259.99727274776211	258.7308355697815	220.5048886226682
0.13700000000000009	259.99727274776205	258.57810603621789	220.21776820451672
0.13750000000000009	291.82094941641219	258.65253040668046	220.25067907873475
0.13800000000000009	267.44384258332593	258.96399988360128	219.77228804631125
0.1385000000000001	233.52156748946902	259.12967649935581	218.89598088495293
0.1390000000000001	259.99727274776217	259.12492954642147	218.47871105716212
0.1395000000000001	259.99727274776211	259.13118604733427	219.03053869411423
0.1400000000000001	300.90664060829715	259.38848843317732	219.68642970570423
0.1405000000000001	282.22860098396563	259.98843208448659	219.29560788541428
0.1410000000000001	253.48163318274746	260.59357729059678	217.55937387351625
0.1415000000000001	215.68412068849483	260.80281248321523	215.16358078923085
0.1420000000000001	259.99727274776205	260.71008129424581	213.40510912343859
0.1425000000000001	259.99727274776211	260.62249177806387	212.86968942336998
0.1430000000000001	293.89932200625617	260.74064793315119	212.76564866744036
0.1435000000000001	270.64262222708601	261.09595691446526	212.16998150884095
0.1440000000000001	237.72743533726924	261.31761790049336	211.08953254457467
0.1445000000000001	259.99727274776211	261.35966093381006	210.47099486069959
0.1450000000000001	259.99727274776205	261.37945340047611	210.95899920590529
0.1455000000000001	259.99989387798746	261.38003186107204	212.39772369024914
0.1460000000000001	284.81648339762688	261.51085245542197	214.14485332643818
0.1465000000000001	257.14425355011554	261.73444297616658	215.60577135316237
0.1470000000000001	220.29172494494597	261.65332496829927	217.17395515970298
0.1475000000000001	259.99727274776217	261.32988998382416	219.35614094260728
0.1480000000000001	259.99727274776211	261.03802100911128	222.17800540353889
0.1485000000000001	295.84790454842317	260.9883844217303	224.8657949955639
0.1490000000000001	273.72181351614461	261.22722713370177	226.47333068599579
0.14950000000000011	241.82815239479083	261.39033284622212	226.96602351278119
0.15000000000000011	201.29677783198116	261.05890699253268	227.32711299877812
0.15050000000000011	259.99727274776217	260.4165679146289	228.40239789881321
0.15100000000000011	303.61604258454759	260.12097513791394	229.42913685037882
0.15150000000000011	287.27850994962671	260.28609720773716	229.16636380785513
0.15200000000000011	260.6931520873228	260.58896251621769	227.17932827295684
0.15250000000000011	224.80177577925258	260.63667815187642	223.98941195347592
0.15300000000000011	259.99727274776211	260.46189353387285	221.18114871018815
0.15350000000000011	259.99727274776217	260.30718694754154	219.71438336480253
0.15400000000000011	297.66583901983915	260.39402622417549	218.73784382406768
0.15450000000000011	276.68006109432559	260.78462563150737	217.18856264144696
0.15500000000000011	245.82191578912111	261.12359665356291	214.89709673686633
0.15550000000000011	206.18457634311108	260.99794099600831	212.70289930799754
0.15600000000000011	259.99727274776217	260.56087215803041	211.56792263744234
0.15650000000000011	259.99727274776217	260.18108048114402	211.65597441412385
0.15700000000000011	289.61369731811209	260.02967336983846	212.23009591779535
0.15750000000000011	264.12687610132093	260.09943143787729	212.50933940539693
0.15800000000000011	229.21239229611001	260.00027632313788	212.67502313100647
0.15850000000000011	259.99727274776211	259.73368856354119	213.45161789735161
0.15900000000000011	259.99727274776211	259.50921412181492	215.17467846913883
0.15950000000000011	299.35233132476867	259.55588701728925	216.98971547526514
0.16000000000000011	279.51607209763688	259.94882334725895	217.79442999706197
0.16050000000000011	249.70697788659757	260.3393802397668	217.36128576580091
0.16100000000000012	210.98105865396423	260.31832935620804	216.46111622805827
0.16150000000000012	259.99727274776205	260.00693590074428	216.23690320987944
0.16200000000000012	259.99727274776211	259.74098112484711	217.07770467280577
0.16250000000000012	291.8209494163479	259.7050012202634	218.22864856256001
0.16300000000000012	267.44384258322822	259.90977943569368	218.84663579469338
0.16350000000000012	233.52156748934132	259.97319547578888	219.0352633509662
0.16400000000000012	259.99727274776205	259.87117895880095	219.64349947874359
0.16450000000000012	259.99727274776205	259.78557628259063	221.1750531497525
0.16500000000000012	300.90664182906829	259.95672397354866	222.76000924343316
0.16550000000000012	282.22860288139276	260.47640107563831	223.24402319692999
0.16600000000000012	253.48163515720182	261.00725508328657	222.32599013535867
0.16650000000000012	215.68412178226092	261.14817825257569	220.6903788860505
0.16700000000000012	259.99727274776217	260.99304681368727	219.63357386425596
0.16750000000000012	259.99727274776211	260.84884142129408	219.74157370320268
0.16800000000000012	293.89932306334845	260.91598896620002	220.22362250490602
0.16850000000000012	270.64262367925033	261.22567914196901	220.15817534539886
0.16900000000000012	237.72743651007301	261.40686177486009	219.55398387048487
0.16950000000000012	259.99727274776205	261.41329327499176	219.36000697720334
0.17000000000000012	259.99727274776217	261.40204991223186	220.22342064404509
0.17050000000000012	259.99989387798746	261.37586565046257	221.99115675995446
0.17100000000000012	284.81648339755111	261.48388780080273	224.02379963588677
0.17150000000000012	257.14425355000725	261.68833365646941	225.72972167640077
0.17200000000000013	220.29172494480909	261.59141650608899	227.50543088752912
0.17250000000000013	259.99727274776205	261.25522520308715	229.8606936295902
0.17300000000000013	259.99727274776205	260.95334835719189	232.82418058867935
0.17350000000000013	295.84790344470537	260.89616854618828	235.62506595910847
0.17400000000000013	273.72181194207866	261.12966126949698	237.32000735313267
0.17450000000000013	241.82815100679778	261.28935260866859	237.87714110250784
0.17500000000000013	201.29677765141344	260.95620519926871	238.28230469628184
0.17550000000000013	259.99727274776211	260.31361009867015	239.38375536720145
0.17600000000000013	303.61604130436871	260.01901546264816	240.4210621694258
0.17650000000000013	287.2785078714677	260.18619456056342	240.15541598854799
0.17700000000000013	260.69314977076812	260.49199656753223	238.15406661811434
0.17750000000000013	224.80177413639569	260.5433651852955	234.9402386266369
0.17800000000000013	259.99727274776217	260.37280189396273	232.1001524374953
0.17850000000000013	259.99727274776205	260.22275196093636	230.59518614509929
0.17900000000000013	297.66583901978669	260.31456450415777	229.57545207031038
0.17950000000000013	276.6800610942397	260.71034870263003	227.97922370446682
0.18000000000000013	245.82191578900159	261.05462382506471	225.63816175325013
0.18050000000000013	206.18457634296584	260.93431144177998	223.39269304232096
0.18100000000000013	259.997272747762	260.50255617644837	222.20562090990481
0.18150000000000013	259.99727274776217	260.12798992167916	222.24148924941605
0.18200000000000013	289.61369827119449	259.98167123074467	222.76396879409532
0.18250000000000013	264.12687728966102	260.05634063292564	222.99264284123203
0.18300000000000013	229.21239301065634	259.961887629773	223.10927030891753
0.18350000000000014	259.99727274776211	259.69976779091803	223.83868041941531
0.18400000000000014	259.99727274776205	259.47950853372237	225.51671187521598
0.18450000000000014	299.35233251020884	259.53013104307087	227.28909210711262
0.18500000000000014	279.51607389416552	259.92674360135635	228.05367917958611
0.18550000000000014	249.70697967521542	260.32069988866004	227.58304095951428
0.18600000000000014	210.9810594550936	260.30277188488049	226.64806870310434
0.18650000000000014	259.99727274776217	259.99422832915684	226.3917618819226
0.18700000000000014	259.99727274776205	259.73085672263022	227.20316151356323
0.18750000000000014	291.82094941628282	259.69720174932633	228.32734920276246
0.18800000000000014	267.44384258313039	259.90405695967689	228.92115504655484
0.18850000000000014	233.52156748921351	259.96931378307494	229.08808510599007
0.18900000000000014	259.99727274776217	259.86891463879869	229.67700065427789
0.18950000000000014	259.99727274776217	259.78471949329463	231.19149131598783
0.19000000000000014	300.90664060820779	259.957078929251	232.76151337819522
0.19050000000000014	282.22860098380659	260.47778630039778	233.23258737170025
0.19100000000000014	253.48163318252426	261.00950346896843	232.30346971955916
0.19150000000000014	215.68412068821732	261.15113694105099	230.65848886549128
0.19200000000000014	259.99727274776205	260.99657692558128	229.59388902170832
0.19250000000000014	259.99727274776217	260.85281764709617	229.6955304624673
0.19300000000000014	293.89932200613532	260.92029904931724	230.1725223007852
0.19350000000000014	270.64262222689985	261.23022329352426	230.10318899945511
0.19400000000000014	237.72743533702254	261.41155203699077	229.49615689150818
0.19450000000000014	259.99727274776205	261.4180528388444	229.30026549115456
0.19500000000000015	259.99727274776205	261.40681239305331	230.1625779177711
0.19550000000000015	302.32808509895563	261.6306839426299	231.18252374472721
0.19600000000000015	284.81645794831235	262.19928004290506	231.14099980904987
0.19650000000000015	257.14422598868862	262.78846921802932	229.65043453112452
0.19700000000000015	220.29169952782712	263.00701105011979	227.2959310303109
0.19750000000000015	259.99727274776217	262.92340198699787	225.50607694836441
0.19800000000000015	259.99727274776211	262.81744392563331	225.04336111786574
0.19850000000000015	295.84790454831045	262.90549329118022	225.0722794201605
0.19900000000000015	273.72181351596237	263.23922456722539	224.58654118363569
0.19950000000000015	241.82815239454789	263.45956080632237	223.49355537989044
0.20000000000000015	201.29677783168512	263.15254000079756	222.72104581442125
0.20050000000000015	259.99727274776217	262.50629402981173	223.06207423388867
0.20100000000000015	259.99727274776211	261.92493486623556	224.4681346679773
0.20150000000000015	287.27853478079714	261.56704072039275	226.24411160640184
0.20200000000000015	260.69317875863186	261.40826296712606	227.69694957144981
0.20250000000000015	224.80180037535769	261.05218611721324	229.11022742827407
0.20300000000000015	259.99727274776211	260.52776850676372	231.10035928910725
0.20350000000000015	259.99727274776217	260.07379727127307	233.84985504515515
0.20400000000000015	297.66583901973343	259.9079085994008	236.54277509289363
0.20450000000000015	276.68006109415171	260.08849568265737	238.15277770335445
0.20500000000000015	245.82191578888467	260.25640310561994	238.54771671296538
0.20550000000000015	206.18457634282208	259.99495644176216	238.60447448559836
0.20600000000000016	259.99727274776222	259.45381399044544	239.32210306597324
0.20650000000000016	304.76994428415247	259.26280974197556	240.12249149617486
0.20700000000000016	289.61367081653975	259.54797810254252	239.70046323776623
0.20750000000000016	264.12684785311376	259.99613841755752	237.53396799252789
0.20800000000000016	229.21236624564867	260.22125050502058	234.04281898477998
0.20850000000000016	186.10709338153993	259.79227859744304	230.77204579008531
0.20900000000000016	259.99727274776211	258.99187866947562	228.86032686058564
0.20950000000000016	299.35233132467147	258.55299028538889	227.58579041442673
0.21000000000000016	279.51607209747033	258.54324860314728	225.80289232721006
0.21050000000000016	249.70697788637023	258.606644692717	223.2412453362621
0.21100000000000016	210.98105865367882	258.32676928241489	220.62967486911586
0.21150000000000016	259.99727274776205	257.81794954856997	219.07037082693537
0.21200000000000016	259.99727274776211	257.40931807723285	218.91311947194933
0.21250000000000016	291.82094941621926	257.27908799863809	219.36553901905009
0.21300000000000016	267.44384258303376	257.43207219584929	219.54896811064606
0.21350000000000016	233.5215674890843	257.48055166448052	219.53352429103191
0.21400000000000016	259.99727274776205	257.39524076525851	220.13687020371731
0.21450000000000016	259.99727274776205	257.35315962800439	221.83363495383756
0.21500000000000016	300.90664182897916	257.5902076314556	223.72706734126416
0.21550000000000016	282.22860288123445	258.19411130558103	224.63821949261092
0.21600000000000016	253.48163515697746	258.82384188863404	224.24358008555743
0.21650000000000016	215.6841217819815	259.07498004130389	223.20735173070119
0.21700000000000016	259.99727274776211	259.03844084919126	222.80771928433589
0.21750000000000017	259.99727274776211	259.01857800046491	223.61446126247958
0.21800000000000017	293.89932306322788	259.21350775606192	224.8224831828887
0.21850000000000017	270.64262367906196	259.65240654650472	225.49767726573094
0.21900000000000017	237.72743650982372	259.9624885928896	225.63789678124229
0.21950000000000017	259.99727274776211	260.0960322510133	226.18275197309723
0.22000000000000017	259.99727274776217	260.20887307798006	227.77150367137432
0.22050000000000017	302.32808509891447	260.55283121108965	229.49708964764068
0.22100000000000017	284.81645794823567	261.23668443788534	230.13511046909443
0.22150000000000017	257.14422598857914	261.93564570333842	229.29378137313785
0.22200000000000017	220.2916995276918	262.257979733394	227.55496678549406
0.22250000000000017	259.99727274776205	262.27183117902189	226.3448858702927
0.22300000000000017	259.99727274776205	262.25677642932061	226.42442990368485
0.22350000000000017	295.84790344459225	262.42905687454066	226.95717428615285
0.22400000000000017	273.7218119418975	262.84032763873569	226.9364967590345
0.22450000000000017	241.82815100655489	263.13157433339984	226.26998129573676
0.22500000000000017	201.29677765111742	262.88896670764331	225.8859571546779
0.22550000000000017	259.99727274776211	262.30082590549569	226.57845175183584
0.22600000000000017	303.61604130429544	262.02923540600943	227.53624401683197
0.22650000000000017	287.27850787132377	262.19229737998131	227.47327143084726
0.22700000000000017	260.69314977055865	262.47087715032927	225.91310813709779
0.22750000000000017	224.80177413612799	262.47562010343637	223.33887360498082
0.22800000000000017	259.99727274776217	262.24241719766411	221.30020533173081
0.22850000000000018	259.99727274776205	262.01679658844864	220.72533769976832
0.22900000000000018	297.66583901968147	262.02289210931474	220.73456712476579
0.22950000000000018	276.68006109406582	262.32531019245351	220.23954452082015
0.23000000000000018	245.82191578876515	262.57079243780578	219.0483488256852
0.23050000000000018	206.1845763426752	262.348221779818	217.9806997599589
0.23100000000000018	259.99727274776205	261.81245823664727	217.98139238543533
0.23150000000000018	259.99727274776217	261.33361883604238	219.19947917577019
0.23200000000000018	289.61369827105813	261.08403314027208	220.88547118923483
0.23250000000000018	264.12687728945843	261.05751486506313	222.24793818363617
0.23300000000000018	229.21239301039466	260.86484513224025	223.45958794262225
0.23350000000000018	259.99727274776205	260.50820558949965	225.23798078000232
0.23400000000000018	259.99727274776205	260.19769982623507	227.91329386619151
0.23450000000000018	299.35233251011164	260.16279041366965	230.62703231097944
0.23500000000000018	279.51607389399902	260.47890673612005	232.27411042879007
0.23550000000000018	249.70697967498558	260.79761709258065	232.62527865717078
0.23600000000000018	210.98105945480853	260.7098146396653	232.45059382139002
0.23650000000000018	259.99727274776211	260.33680808840683	232.8930700381849
0.23700000000000018	305.78928789852984	260.28493182339452	233.55213210866248
0.23750000000000018	291.82092250416571	260.6958618233142	233.06130719479557
0.23800000000000018	267.44381410261087	261.27046278844153	230.81320237206631
0.23850000000000018	233.52154122451242	261.63352085985201	227.12707625349577
0.23900000000000018	191.25582181890417	261.3615105418902	223.43681107247329
0.23950000000000018	259.99727274776217	260.7069890213366	221.0606934654169
0.24000000000000019	300.90664060811849	260.38155448136575	219.48049617053707
0.24050000000000019	282.22860098364754	260.47227246305738	217.47065845066962
0.24100000000000019	253.4816331823011	260.6369673444471	214.66134410535832
0.24150000000000019	215.68412068793793	260.4696716870539	211.67122414518022
0.24200000000000019	259.99727274776211	260.05942822706874	209.73416705756711
0.24250000000000019	259.99727274776211	259.70846360129156	209.37719619588452
0.24300000000000019	293.89932200601453	259.61257470618006	209.75430015407684
0.24350000000000019	270.64262222671141	259.79848184739683	209.89250706069629
0.24400000000000019	237.72743533677325	259.89085540291467	209.75301783796891
0.24450000000000019	259.99727274776211	259.83938506278588	210.24111166857591
0.24500000000000019	259.99727274776205	259.79731003372046	211.96410585573781
0.24550000000000019	259.99989387798746	259.76376861722423	214.73280665101777
0.24600000000000019	284.81648339732465	259.88456104814219	217.8752865853761
0.24650000000000019	257.14425354968392	260.11880931909025	220.77087578507499
0.24700000000000019	220.29172494439723	260.0658829413498	223.79034507548346
0.24750000000000019	259.99727274776211	259.78527532635746	227.42084943536736
0.24800000000000019	259.99727274776217	259.54822232091419	231.67138388346865
0.24850000000000019	295.84790454819745	259.56298872871679	235.75418570644234
0.24900000000000019	273.72181351578121	259.8736579114244	238.7115138220021
0.24950000000000019	241.82815239430499	260.11407879164648	240.4994430065201
0.25000000000000017	201.29677783138908	259.86374019394117	242.09388700381373
0.25050000000000017	259.99727274776217	259.30475039232363	244.33512173758251
0.25100000000000017	303.61604258440229	259.09345301609136	246.45648751448181
0.25150000000000017	287.27850994934056	259.34268203228112	247.21451603759687
0.25200000000000017	260.69315208690614	259.72849945606123	246.17319304488601
0.25250000000000017	224.80177577872016	259.85720101495025	243.85370871927569
0.25300000000000017	259.99727274776205	259.76076669457871	241.84132304403457
0.25350000000000017	259.99727274776217	259.68123442317335	241.09738179800925
0.25400000000000017	297.66583901962946	259.83964825485174	240.7727575850964
0.25450000000000017	276.68006109397982	260.29790321400083	239.80715188814131
0.25500000000000017	245.82191578865093	260.70038455587297	238.03420657674542
0.25550000000000017	206.18457634253147	260.63394983858143	236.29677850345996
0.25600000000000017	259.99727274776217	260.25174019103645	235.56045544852725
0.25650000000000017	304.76994428408796	260.18698930994492	235.21453680153826
0.25700000000000017	289.61367081640498	260.56902016810284	233.92238821393619
0.25750000000000017	264.1268478529135	261.087806932977	231.13183958598475
0.25800000000000017	229.21236624538702	261.36031278264556	227.23408252661017
0.25850000000000017	186.10709338123195	260.95834051204821	223.747142288075
0.25900000000000017	259.99727274776211	260.16721042330209	221.78439282530672
0.25950000000000017	299.35233132457529	259.72234617546837	220.60040807888151
0.26000000000000018	279.51607209730571	259.69368379822589	219.02786214968305
0.26050000000000018	249.70697788614029	259.72733162250438	216.77635663670475
0.26100000000000018	210.98105865339696	259.40881586571351	214.55645392847194
0.26150000000000018	259.99727274776217	258.85422113939529	213.45378907092569
0.26200000000000018	259.99727274776217	258.394264689203	213.80324744246926
0.26250000000000018	291.82094941609216	258.20857807728811	214.79913445869389
0.26300000000000018	267.44384258283822	258.30323394541557	215.55098907350961
0.26350000000000018	233.52156748883166	258.29162269917413	216.118560357782
0.26400000000000018	259.99727274776205	258.14542664402967	217.31048682532384
0.26450000000000018	259.99727274776205	258.0425016450377	219.59362778723502
0.26500000000000018	300.90664182888986	258.21946007080504	222.0646249462136
0.26550000000000018	282.2286028810754	258.76462822602622	223.53899397902325
0.26600000000000018	253.48163515675679	259.33747338254244	223.68866656641049
0.26650000000000018	215.68412178170524	259.53397780754841	223.17417836326663
0.26700000000000018	259.99727274776205	259.44537283350292	223.27085046148528
0.26750000000000018	259.99727274776211	259.37625178551633	224.54631713352168
0.26800000000000018	293.8993230631084	259.52490232665571	226.19397925761399
0.26850000000000018	270.64262367887568	259.92061201107458	227.27878825082001
0.26900000000000018	237.72743650957727	260.19065340975658	227.79814901894184
0.26950000000000018	259.99727274776205	260.28731748520789	228.69164917478696
0.27000000000000018	259.99727274776217	260.36641320072306	230.59889060545223
0.27050000000000018	302.32808509883404	260.67970094808067	232.61345859387166
0.27100000000000019	284.81645794808588	261.3358711733141	233.51185520735115
0.27150000000000019	257.14422598836518	262.01002695300735	232.90340339716374
0.27200000000000019	220.29169952742126	262.31030521161887	231.37123822608493
0.27250000000000019	259.99727274776205	262.30470899922847	230.34297353505181
0.27300000000000019	259.99727274776205	262.2726629967043	230.58098474011516
0.27350000000000019	295.84790344448061	262.43025005013044	231.25039018466208
0.27400000000000019	273.72181194171833	262.8289627770871	231.3461425536297
0.27450000000000019	241.82815100631473	263.10962282036633	230.77740946300224
0.27500000000000019	201.29677765082138	262.85823664977499	230.47409250417229
0.27550000000000019	259.99727274776211	262.26296464816591	231.23176321499548
0.27600000000000019	303.6160413042229	261.98573358298631	232.24070231505047
0.27650000000000019	287.27850787118143	262.14449422255751	232.21629517172818
0.27700000000000019	260.69314977034901	262.41996680901656	230.68350065581663
0.27750000000000019	224.8017741358633	262.42265875938841	228.1267527143263
0.27800000000000019	259.99727274776217	262.1883307642633	226.09692783175836
0.27850000000000019	259.99727274776205	261.96238882570498	225.52342027202857
0.27900000000000019	297.6658390195775	261.96885299479374	225.52760509163596
0.27950000000000019	276.68006109389194	262.27222441228594	225.02212975079999
0.28000000000000019	245.82191578853141	262.51914787986806	223.81598785439857
0.28050000000000019	206.18457634238786	262.29841792839534	222.72973307547574
0.28100000000000019	259.99727274776205	261.76481438378914	222.70891569108701
0.28150000000000019	259.99727274776217	261.28838203938221	223.90326723799171
0.28200000000000019	289.61369827092182	261.04138587035766	225.5639047921324
0.2825000000000002	264.12687728925812	261.01758229724879	226.89993462862952
0.2830000000000002	229.21239301013597	260.827702048964	228.08453532401504
0.2835000000000002	259.99727274776205	260.47388286837116	229.83567634512303
0.2840000000000002	259.99727274776205	260.16619049785038	232.48388659135833
0.2845000000000002	299.35233251001438	260.13405528050419	235.17096968767271
0.2850000000000002	279.5160738938344	260.45287955031176	236.79208948113975
0.2855000000000002	249.70697967475832	260.77420929594126	237.11820118430111
0.2860000000000002	210.98105945452667	260.68891967394399	236.9195258222372
0.2865000000000002	259.99727274776205	260.31830528773799	237.33920508946403
0.2870000000000002	305.78928789847271	260.26868990404631	237.97675860094
0.2875000000000002	291.82092250403855	260.68174198840768	237.46577920714759
0.2880000000000002	267.44381410241755	261.25832146727936	235.19891406050746
0.2885000000000002	233.52154122425975	261.62321210293317	231.49543952940036
0.2890000000000002	191.25582181859772	261.35288809367682	227.78923631973726
0.2895000000000002	259.99727274776217	260.6999080934205	225.39857311346501
0.2900000000000002	300.90664060803022	260.37587324890256	223.80519083185075
0.2905000000000002	282.22860098349025	260.46785330726743	221.7834855127677
0.2910000000000002	253.48163318208043	260.63367786365109	218.96356850260955
0.2915000000000002	215.68412068765852	260.46738549815291	215.96405107093881
0.2920000000000002	259.99727274776217	260.05802557865474	214.01873647374379
0.2925000000000002	259.99727274776211	259.70783181869484	213.6545788827809
0.2930000000000002	293.89932200589499	259.61260848777914	214.02549519783616
0.29350000000000021	270.64262222652508	259.79908343045179	214.15844051760934
0.29400000000000021	237.72743533652402	259.89193461605032	214.01454244008551
0.29450000000000021	259.99727274776205	259.84085928108664	214.49900750641228
0.29500000000000021	259.99727274776205	259.79910405121171	216.21908178597607
0.29550000000000021	259.99989387798757	259.76581445033162	218.98550234009264
0.29600000000000021	284.81648339717316	259.88679768255122	222.12627507177646
0.29650000000000021	257.14425354946752	260.12118241127769	225.020666462679
0.29700000000000021	220.29172494412666	260.06834448494476	228.03938697572138
0.29750000000000021	259.99727274776211	259.78778329242107	231.66953474250317
0.29800000000000021	259.99727274776217	259.55074028020078	235.92005162431823
0.29850000000000021	295.84790454808444	259.56548546301588	240.00312550316983
0.29900000000000021	273.72181351560209	259.87610702017827	242.96096971353194
0.29950000000000021	241.82815239406483	260.11645829918137	244.7496172497797
0.30000000000000021	201.29677783109636	259.86603216186444	246.34494379587369
0.30050000000000021	259.99727274776211	259.30694054091265	248.58719082611097
0.30100000000000021	303.61604258432897	259.09553035782909	250.70966768697815
0.30150000000000021	287.27850994919663	259.34463852009333	251.46887849134626
0.30200000000000021	260.69315208669656	259.73032964826461	250.42878458158671
0.30250000000000021	224.80177577845248	259.85890175842496	248.11055477335299
0.30300000000000021	259.99727274776205	259.76233682724541	246.09943051210681
0.30350000000000021	308.03578763236851	259.96652536533503	244.54385363229161
0.30400000000000021	297.66581134027126	260.64763452555451	241.96430548211035
0.30450000000000021	276.68003236195648	261.54257235780267	237.55627094860105
0.30500000000000022	245.82188929201314	262.30314608543864	231.38472602464583
0.30550000000000022	206.18455190736447	262.52347826804794	224.58611403597581
0.30600000000000022	259.99727274776217	262.36375528921047	218.98784621037984
0.30650000000000022	259.99727274776211	262.19943150497789	215.44210976669416
0.30700000000000022	289.61369731770469	262.20811995262784	213.1335431175907
0.30750000000000022	264.12687610071544	262.38880955808469	211.20538876887358
0.30800000000000022	229.21239229532677	262.35730307738197	209.76626486654368
0.30850000000000022	259.99727274776205	262.12061333596967	209.47145602460265
0.30900000000000022	259.99727274776211	261.89345540435994	210.59114829745565
0.30950000000000022	259.99989387798746	261.67713485862447	212.91700424826237
0.31000000000000022	279.51609618740281	261.58795591212009	215.83819474188536
0.31050000000000022	249.70700446518225	261.54755444522152	218.89428250776857
0.31100000000000022	259.99727274776205	261.43393920070048	222.45237462301813
0.31150000000000022	259.99727274776217	261.31996640879709	226.75187176375425
0.31200000000000022	259.99989387798746	261.20705075099681	231.64532406915774
0.31250000000000022	291.82094941596353	261.28441231008225	236.39887666552374
0.31300000000000022	267.44384258264267	261.56728667719881	240.19269154763629
0.31350000000000022	233.52156748857618	261.67778658284624	243.15526753483783
0.31400000000000022	259.99727274776205	261.59582192559679	246.16158114229077
0.31450000000000022	259.99727274776205	261.50695657402434	249.74198683524514
0.31500000000000022	300.90664182880153	261.65497622957872	253.0534441160907
0.31550000000000022	282.22860288091636	262.1348393027526	254.96836105690599
0.31600000000000023	253.48163515653366	262.61210474290749	255.21196512207777
0.31650000000000023	215.68412178142589	262.68831313498288	254.49438746342682
0.31700000000000023	259.99727274776205	262.45973310693211	254.136799586211
0.31750000000000023	306.67362637029316	262.51129305217199	253.94880501033876
0.31800000000000023	293.89929705617197	263.00172367385096	252.5417329043423
0.31850000000000023	270.64259634198743	263.64812726116583	249.25744873934917
0.31900000000000023	237.72741129952755	264.08813852167935	244.34490433207054
0.31950000000000023	196.31978313231193	263.90759009763337	239.15284557082634
0.32000000000000023	259.99727274776217	263.33098415139432	235.19207716793113
0.32050000000000023	302.32808509875275	263.04945677020407	232.16063200828006
0.32100000000000023	284.81645794793428	263.16982078928288	228.7743965389574
0.32150000000000023	257.14422598814878	263.36487899878836	224.58194763813179
0.32200000000000023	220.29169952714761	263.24013437711926	220.1062808180217
0.32250000000000023	259.99727274776205	262.86070230581527	216.71609887245839
0.32300000000000023	259.99727274776205	262.50293731649111	215.11661113193077
0.32350000000000023	295.84790344436755	262.37973260176341	214.41793515208934
0.32400000000000023	273.72181194153717	262.53932679763597	213.56252133517262
0.32450000000000023	241.82815100607183	262.61927110196876	212.4097884731359
0.32500000000000023	201.29677765052534	262.20232613359002	211.8428279098176
0.32550000000000023	259.99727274776211	261.47346577883798	212.61346282240316
0.32600000000000023	259.99727274776205	260.83378324747963	214.6353334472864
0.32650000000000023	287.27853388479389	260.43899252434483	217.17880764444359
0.32700000000000023	260.69317771172848	260.26204654336988	219.51957008169359
0.32750000000000024	224.80179990322171	259.90400480562823	221.91308955097739
0.32800000000000024	259.99727274776217	259.39147853260295	224.95069121851799
0.32850000000000024	259.99727274776205	258.96108734674038	228.79267167064467
0.32900000000000024	297.66583901947234	258.82847886730434	232.60359558892887
0.32950000000000024	276.68006109371805	259.05023398587997	235.34017592635374
0.33000000000000024	245.82191578829497	259.265556887728	236.85569879529524
0.33050000000000024	206.18457634209727	259.05629888639947	238.01468077018518
0.33100000000000024	259.99727274776205	258.57080327893505	239.8058340607833
0.33150000000000024	304.76994558814135	258.43774056149493	241.64255952299385
0.33200000000000024	289.6136729739589	258.78212473767655	242.21287350932988
0.33250000000000024	264.12685032504936	259.28988895725274	240.9894343693864
0.33300000000000024	229.21236814377042	259.5742318869315	238.38812050692349
0.33350000000000024	186.10709363466322	259.20347235175672	235.95123125533723
0.33400000000000024	259.99727274776205	258.45972737156171	234.81577562766029
0.33450000000000024	299.35233250991712	258.07549481979055	234.25913755127689
0.33500000000000024	279.51607389366785	258.11805640722014	233.13582701412932
0.33550000000000024	249.70697967452847	258.23112925610752	231.17619205386018
0.33600000000000024	210.9810594542416	257.99810125180346	229.11036625626818
0.33650000000000024	259.99727274776205	257.53315983258727	228.04232135410632
0.33700000000000024	259.99727274776205	257.165353381827	228.32400868124898
0.33750000000000024	291.8209494158985	257.07285923229909	229.16551301346016
0.33800000000000024	267.44384258254604	257.26049621207983	229.69086792508188
0.33850000000000025	233.52156748844976	257.34058682762458	229.97304897865129
0.33900000000000025	259.99727274776217	257.28391682294807	230.83268224748954
0.33950000000000025	259.99727274776217	257.26760237006391	232.74741528760316
0.34000000000000025	300.90664060794091	257.52765879931331	234.82352661724713
0.34050000000000025	282.22860098332944	258.15194422213381	235.8850719515257
0.34100000000000025	253.4816331818547	258.79957325743845	235.61148573732379
0.34150000000000025	215.68412068737911	259.06627832772068	234.66983213495539
0.34200000000000025	259.99727274776217	259.04313163973092	234.34105175788059
0.34250000000000025	259.99727274776211	259.03464670920215	235.19755603772967
0.34300000000000025	293.89932200577414	259.23910003883896	236.43674760765626
0.34350000000000025	270.6426222263367	259.68582677124323	237.12687025412947
0.34400000000000025	237.72743533627752	260.00219666830861	237.26797669900719
0.34450000000000025	259.99727274776211	260.14063908251177	237.80172079955696
0.34500000000000025	259.99727274776205	260.25713489292258	239.36924988392207
0.34550000000000025	302.32808509871165	260.60364299158169	241.06523169497919
0.34600000000000025	284.81645794785567	261.28907268143092	241.66684268918311
0.34650000000000025	257.14422598803708	261.98876068832089	240.78372396319028
0.34700000000000025	220.29169952700693	262.31108745322041	238.99902080206522
0.34750000000000025	259.99727274776217	262.32430508872517	237.74009430434958
0.34800000000000025	259.99727274776217	262.30808912958162	237.76884557525193
0.34850000000000025	295.84790454797269	262.47877184707897	238.24973511352417
0.34900000000000025	273.72181351542298	262.88809111296996	238.17690873823659
0.34950000000000025	241.82815239382469	263.177107354631	237.45860961410017
0.35000000000000026	201.29677783079705	262.93205747912111	237.0237255066219
0.35050000000000026	259.99727274776205	262.34132246704678	237.66674984322668
0.35100000000000026	303.61604258425655	262.06703869122094	238.57684300104256
0.35150000000000026	287.27850994905299	262.22735465502734	238.4682469959015
0.35200000000000026	260.69315208648692	262.50317585314053	236.86477140887328
0.35250000000000026	224.80177577818421	262.50518210684493	234.24970939710309
0.35300000000000026	259.99727274776205	262.26929350242284	232.17281748643265
0.35350000000000026	259.99727274776217	262.04106246346277	231.56240095981178
0.35400000000000026	297.66583901941851	262.04464266172238	231.53878509830284
0.35450000000000026	276.68006109362796	262.34465634160381	231.01361350043467
0.35500000000000026	245.82191578817304	262.58785729133052	229.79492692724818
0.35550000000000026	206.18457634194775	262.36313739580095	228.70238109864837
0.35600000000000026	259.99727274776217	261.82536275367852	228.68068575192925
0.35650000000000026	259.99727274776211	261.34465395124704	229.87879095861223
0.35700000000000026	289.61369731756838	261.09334190857885	231.54709198102915
0.35750000000000026	264.12687610051285	261.06523980861226	232.89403260115691
0.35800000000000026	229.21239229506804	260.87112664248144	234.09218745826672
0.35850000000000026	259.99727274776211	260.51318058540744	235.8589790903857
0.35900000000000026	259.99727274776217	260.2015006414303	238.52444465872358
0.35950000000000026	299.35233132438032	260.16554389209432	241.22994916431293
0.36000000000000026	279.51607209697102	260.48073353249941	242.87026827476188
0.36050000000000026	249.70697788568037	260.79863115902418	243.2160165574422
0.36100000000000027	210.98105865282605	260.71012286897491	243.03711902337724
0.36150000000000027	259.99727274776211	260.33651008823625	243.47646291062449
0.36200000000000027	305.78928789838585	260.28411979901114	244.13335193010363
0.36250000000000027	291.82092250384437	260.69462056608501	243.64119861107716
0.36300000000000027	267.44381410212316	261.26886975835845	241.39250215014061
0.36350000000000027	233.52154122387554	261.63164634262404	237.70642037267774
0.36400000000000027	191.25582181813382	261.35941786783837	234.01674198441191
0.36450000000000027	259.99727274776205	260.70473483446887	231.64166731704805
0.36500000000000027	300.90664182871126	260.3791890553137	230.06289002376943
0.36550000000000027	282.22860288075731	260.46984004285792	228.0547773761337
0.36600000000000027	253.48163515631043	260.63450649881918	225.247428091129
0.36650000000000027	215.68412178114642	260.46721567377807	222.25945479347894
0.36700000000000027	259.99727274776205	260.05700536996704	220.32467411914456
0.36750000000000027	259.99727274776211	259.7060976824863	219.97006364392146
0.36800000000000027	293.89932306286863	259.61028536214229	220.34957177504944
0.36850000000000027	270.64262367850108	259.79628494567885	220.49019179019672
0.36900000000000027	237.72743650907546	259.88876339808144	220.35309474452933
0.36950000000000027	259.99727274776211	259.83740733924719	220.8435346291437
0.37000000000000027	259.99727274776217	259.79545324560547	222.56880775219193
0.37050000000000027	302.3280850986697	260.01214661843795	224.59230692576295
0.37100000000000027	284.81645794778075	260.59374190410483	225.66250252046387
0.37150000000000027	257.14422598793004	261.21300231738417	225.36286173967744
0.37200000000000027	220.29169952687161	261.47583464669486	224.2528271042903
0.37250000000000028	259.99727274776205	261.44813183531136	223.73844669379966
0.37300000000000028	259.99727274776211	261.40733586426342	224.56260061135117
0.37350000000000028	295.84790344425323	261.56767907957806	225.87290991189755
0.37400000000000028	273.72181194135396	261.97893832796666	226.64874246555388
0.37450000000000028	241.82815100582621	262.28035477774455	226.78549793533426
0.37500000000000028	201.29677765022933	262.05648860597762	227.2010237974356
0.37550000000000028	259.99727274776211	261.49418554721046	228.68044300881968
0.37600000000000028	303.61604130407727	261.25418564315237	230.40508185925617
0.37650000000000028	287.2785078708938	261.45337616981328	231.08275269088168
0.37700000000000028	260.69314976993223	261.77153165094285	230.2321101630526
0.37750000000000028	224.80177413533033	261.81832550644356	228.33244171483869
0.37800000000000028	259.99727274776217	261.62878966353628	226.93052648865788
0.37850000000000028	259.99727274776205	261.44769981257548	226.95260551357174
0.37900000000000028	297.66583901936417	261.49853719116521	227.51774387144081
0.37950000000000028	276.68006109354207	261.84534860730469	227.53702623985126
0.38000000000000028	245.82191578805617	262.13440202133575	226.81853980522527
0.38050000000000028	206.18457634180416	261.95418573155382	226.18250289734033
0.38100000000000028	259.99727274776205	261.45923722989403	226.57462193035798
0.38150000000000028	259.99727274776211	261.01941639054434	228.14520230757864
0.38200000000000028	289.61369827065073	260.80685447063024	230.14628481910353
0.38250000000000028	264.12687728885527	260.81521946388727	231.78818719052273
0.38300000000000028	229.21239300960966	260.6551933831513	233.2455307933221
0.38350000000000029	259.99727274776205	260.32889973248501	235.2379083745349
0.38400000000000029	259.99727274776211	260.04641961741316	238.09760694548223
0.38450000000000029	299.35233250982054	260.03722383418568	240.9682826074546
0.38500000000000029	279.51607389350158	260.37677611152867	242.74701041993424
0.38550000000000029	249.70697967429834	260.71670098542944	243.20668426449242
0.38600000000000029	210.98105945395577	260.64796587488462	243.11946436448517
0.38650000000000029	259.99727274776205	260.29196826421622	243.63040919833622
0.38700000000000029	305.78928789835754	260.25514265035264	244.34091334386642
0.38750000000000029	291.82092250378082	260.67927362151306	243.88638678738354
0.38800000000000029	267.44381410202209	261.26534045816845	241.66122297536793
0.38850000000000029	233.52154122374341	261.63824762475315	237.98636343787396
0.38900000000000029	191.25582181798222	261.3745897462548	234.29726508349111
0.38950000000000029	259.99727274776211	260.72704424492588	231.91367822425229
0.39000000000000029	300.90664060785161	260.40732821653694	230.31872721502839
0.39050000000000029	282.22860098317216	260.502623580136	228.28809129623602
0.39100000000000029	253.48163318163404	260.67086755257719	225.45306428368264
0.39150000000000029	215.68412068710288	260.50620117929253	222.43333997470285
0.39200000000000029	259.99727274776217	260.09777068052921	220.4637060303221
0.39250000000000029	259.99727274776211	259.74790068575948	220.07200562539944
0.39300000000000029	293.89932200565249	259.65248023799938	220.41295270261531
0.39350000000000029	270.64262222614627	259.83831570961786	220.51421148099146
0.39400000000000029	237.72743533602502	259.93015733774456	220.33753523808213
0.39450000000000029	259.99727274776211	259.87776842838139	220.78867754914933
0.3950000000000003	259.99727274776205	259.83445560431164	222.47535796312886
0.3955000000000003	302.32808509862957	260.04952809585632	224.46132223780424
0.3960000000000003	284.81645794770589	260.62929785367601	225.49532948920938
0.3965000000000003	257.14422598782318	261.24657960314545	225.16107761422094
0.3970000000000003	220.29169952673641	261.50732591764438	224.01818743628522
0.3975000000000003	259.99727274776217	261.47747009629109	223.47283851197182
0.3980000000000003	259.99727274776217	261.43448936414035	224.26800090923604
0.3985000000000003	295.84790454785832	261.59264653723847	225.55134906900037
0.3990000000000003	273.72181351523972	262.00174449286089	226.30227237536229
0.3995000000000003	241.82815239357905	262.30104632184782	226.41616462568791
0.4000000000000003	201.29677783050437	262.07513035533941	226.81084410446815
0.4005000000000003	259.99727274776205	261.51085706018972	228.27138516927724
0.4010000000000003	303.61604258418413	261.26897812977631	229.97904941602326
0.4015000000000003	287.27850994891071	261.4663897151803	230.64157124660798
0.4020000000000003	260.69315208627978	261.78287272798826	229.7775172067461
0.4025000000000003	224.80177577791343	261.82810477452654	227.86607899919497
0.4030000000000003	259.99727274776205	261.6371200371733	226.45393473040369
0.4035000000000003	259.99727274776217	261.45469480113826	226.46722102164807
0.4040000000000003	297.66583901931222	261.50430948015378	227.02489677562508
0.4045000000000003	276.68006109345595	261.8500088471929	227.03794033011289
0.4050000000000003	245.82191578793925	262.13805781764211	226.31433358367141
0.4055000000000003	206.18457634166043	261.95694081863707	225.67419169466666
0.40600000000000031	259.99727274776217	261.4611908113597	226.06312097366478
0.40650000000000031	259.99727274776211	261.02066262968424	227.63133067479717
0.40700000000000031	289.61369731743054	260.80748210933496	229.63076988460875
0.40750000000000031	264.12687610030804	260.81531156561755	231.2716693775032
0.40800000000000031	229.21239229480341	260.65482719043774	232.72856873839356
0.40850000000000031	259.99727274776211	260.32814661124542	234.72098417627336
0.40900000000000031	259.99727274776217	260.04534507044974	237.58113165030005
0.40950000000000031	299.35233132428419	260.03588757356698	240.4526018682003
0.41000000000000031	279.5160720968064	260.37523219643316	242.23240998623427
0.41050000000000031	249.70697788545311	260.71499801728999	242.69339534400129
0.41100000000000031	210.98105865254422	260.64614723087902	242.60766886960118
0.41150000000000031	259.99727274776217	260.2900723535821	243.12024471465361
0.41200000000000031	305.78928789832798	260.25320318139217	243.83247801345337
0.41250000000000031	291.82092250371437	260.67731988619147	243.37974401192787
0.41300000000000031	267.4438141019254	261.26339763200576	241.15640568164827
0.41350000000000031	233.52154122361713	261.63633707149245	237.4833781508045
0.41400000000000031	191.25582181783079	261.37272932300743	233.79609573658408
0.41450000000000031	259.99727274776205	260.72524860411858	231.41428962052098
0.41500000000000031	300.90664182862292	260.40560910877315	229.8210682497504
0.41550000000000031	282.22860288060008	260.50099014382806	227.79209784969828
0.41600000000000031	253.48163515608982	260.66932658132413	224.9586618484241
0.41650000000000031	215.68412178086388	260.50475737540938	221.94044608445435
0.41700000000000031	259.99727274776205	260.09642689848704	219.97223250430045
0.41750000000000032	259.99727274776211	259.74665817397243	219.58186050198543
0.41800000000000032	293.89932306274642	259.65133887172539	219.92404176576835
0.41850000000000032	270.64262367831054	259.83727419564281	220.02643968640749
0.41900000000000032	237.72743650882904	259.92921339270026	219.85080797002678
0.41950000000000032	259.99727274776211	259.87691894131262	220.30290171393605
0.42000000000000032	259.99727274776217	259.83369679615612	221.99044281173627
0.42050000000000032	302.32808509858933	260.04885566876931	223.97718014167171
0.42100000000000032	284.81645794763097	260.628707117712	225.01187657036951
0.42150000000000032	257.1442259877112	261.24606558904122	224.6782341206997
0.42200000000000032	220.29169952659487	261.50688347640499	223.53587810220412
0.42250000000000032	259.99727274776211	261.47709398633202	222.9909927358384
0.42300000000000032	259.99727274776211	261.4341743267758	223.78655288440871
0.42350000000000032	295.84790344414148	261.59238735480534	225.07023791452198
0.42400000000000032	273.72181194117479	262.00153604159948	225.82144222815492
0.42450000000000032	241.82815100558599	262.3008836263362	225.93556456759427
0.42500000000000032	201.29677764993664	262.07500863550558	226.33042801184618
0.42550000000000032	259.99727274776217	261.51077175919062	227.79111140042917
0.42600000000000032	303.6160413040032	261.26892492049461	229.49888058312064
0.42650000000000032	287.27850787074823	261.46636451197281	230.16147426691234
0.42700000000000032	260.69314976972032	261.78287170579966	229.29746308150669
0.42750000000000032	224.80177413505962	261.82812438466783	227.38604252167005
0.42800000000000032	259.99727274776217	261.63715701994602	225.9738941320376
0.42850000000000033	259.99727274776205	261.45474617809987	225.98715765385404
0.42900000000000033	297.6658390192602	261.50437253846411	226.54479496167181
0.42950000000000033	276.68006109337011	261.85008113281918	226.55778709842841
0.43000000000000033	245.82191578782241	262.13813712649966	225.83411845891001
0.43050000000000033	206.18457634151684	261.95702518607226	225.19390653682137
0.43100000000000033	259.99727274776205	261.46127850034287	225.58275974606806
0.43150000000000033	259.99727274776211	261.02075211803884	227.15088907715403
0.43200000000000033	289.61369827051283	260.80757208192665	229.15024511118105
0.43250000000000033	264.12687728865035	260.8154009009985	230.7910599816781
0.43300000000000033	229.21239300935093	260.65491493733441	232.24787443789927
0.43350000000000033	259.99727274776205	260.32823196929377	234.24020580021701
0.43400000000000033	259.99727274776211	260.0454273803773	237.10027096322048
0.43450000000000033	299.35233250972436	260.03596631557065	239.97166132395395
0.43500000000000033	279.51607389333697	260.37530697952974	241.75139256398248
0.43550000000000033	249.70697967406585	260.71506855804159	242.21230446101325
0.43600000000000033	210.98105945366751	260.6462133315635	242.12650829340629
0.43650000000000033	259.99727274776205	260.29013388730436	242.6390185434397
0.43700000000000033	305.78928789829973	260.25326008905677	243.35119057985256
0.43750000000000033	291.82092250365082	260.67737217201687	242.89839968785492
0.43800000000000033	267.44381410182876	261.26344535421202	240.67500887126991
0.43850000000000033	233.52154122349074	261.63638033371348	237.00193326345774
0.43900000000000033	191.25582181767928	261.37276826642312	233.31460709180129
0.43950000000000033	259.99727274776217	260.72528340029481	230.9327614099945
0.44000000000000034	300.90664060776328	260.40563994597557	229.33950453181475
0.44050000000000034	282.22860098301129	260.50101721835455	227.31050258461164
0.44100000000000034	253.48163318140837	260.66935010076855	224.47703886667028
0.44150000000000034	215.68412068682031	260.5047775637579	221.4587990357731
0.44200000000000034	259.99727274776217	260.09644399799333	219.49056474821018
0.44250000000000034	259.99727274776211	259.74667243441871	219.10017504227059
0.44300000000000034	293.89932200553301	259.65135053365827	219.44234136770018
0.44350000000000034	270.64262222595994	259.83728348654637	219.54472691279622
0.44400000000000034	237.72743533577858	259.92922053411627	219.36908518504501
0.44450000000000034	259.99727274776211	259.87692415635752	219.82117102940603
0.44500000000000034	259.99727274776205	259.83370030500379	221.50870615396272
0.44550000000000034	302.32808509854738	260.04885767954812	223.49543922642701
0.44600000000000034	284.81645794755264	260.62870782580677	224.5301328455682
0.44650000000000034	257.14422598760427	261.24606517664887	224.19648883868558
0.44700000000000034	220.29169952645972	261.50688211231056	223.0541323291514
0.44750000000000034	259.99727274776217	261.47709182587693	222.5092474213024
0.44800000000000034	259.99727274776217	261.43417151198878	223.30480887174039
0.44850000000000034	295.84790454774657	261.59238402119206	224.58849592561373
0.44900000000000034	273.7218135150606	262.00153232027361	225.33970277955493
0.44950000000000034	241.82815239333888	262.30087963549244	225.45382795976226
0.45000000000000034	201.29677783020492	262.07500447099829	225.84869443669069
0.45050000000000034	259.99727274776205	261.51076749670437	227.30938107759846
0.45100000000000035	303.61604258411001	261.26892063229906	229.01715376699394
0.45150000000000035	287.27850994876508	261.46636027234763	229.67975106570421
0.45200000000000035	260.69315208606787	261.78286758370757	228.81574346821748
0.45250000000000035	224.8017757776488	261.82812043502122	226.90432636615054
0.45300000000000035	259.99727274776205	261.63715327389951	225.49218132299842
0.45350000000000035	259.99727274776217	261.45474265013877	225.50544816992911
0.45400000000000035	297.66583901920808	261.50436923837736	226.06308878756232
0.45450000000000035	276.68006109328019	261.85007806626993	226.07608419069211
0.45500000000000035	245.82191578770019	262.13813429556262	225.35241871675211
0.45550000000000035	206.18457634136649	261.95702258973364	224.71220981566404
0.45600000000000035	259.99727274776217	261.46127613496554	225.10106581880916
0.45650000000000035	259.99727274776211	261.02074997778936	226.66919774578162
0.45700000000000035	289.61369731729576	260.80757015353208	228.66855626027785
0.45750000000000035	264.12687610010772	260.81539916360094	230.30937351765718
0.45800000000000035	229.21239229454469	260.65491337227877	231.7661902999736
0.45850000000000035	259.99727274776217	260.32823056564035	233.75852384228938
0.45900000000000035	259.99727274776211	260.04542613110294	236.61859097165842
0.45950000000000035	299.3523313241858	260.03596520584983	239.48998313537547
0.46000000000000035	279.51607209663803	260.37530598444044	241.26971606025569
0.46050000000000035	249.70697788522065	260.71506765138787	241.73062953901012
0.46100000000000035	210.98105865225591	260.64621249581768	241.6448348811561
0.46150000000000035	259.99727274776217	260.29013311723457	242.15734650346769
0.46200000000000035	305.78928789827154	260.25325938415568	242.86951970283732
0.46250000000000036	291.82092250358721	260.67737153108078	242.41672982358926
0.46300000000000036	267.44381410173207	261.26344477545706	240.19333987980366
0.46350000000000036	233.52154122336449	261.63637981488176	236.5202649898084
0.46400000000000036	191.25582181752779	261.37276780487815	232.8329394269787
0.46450000000000036	259.99727274776205	260.72528299310989	230.45109427103432
0.46500000000000036	300.90664182853266	260.40563959722374	228.85783782731602
0.46550000000000036	282.22860288043921	260.50101694203414	226.82883615541755
0.46600000000000036	253.48163515586407	260.66934991242738	223.99537251386701
0.46650000000000036	215.68412178058765	260.50477747088115	220.97713253674954
0.46700000000000036	259.99727274776205	260.09644399417618	219.00889793857968
0.46750000000000036	259.99727274776211	259.74667250667801	218.61850789435698
0.46800000000000036	293.89932306262688	259.65135067625715	218.96067387018664
0.46850000000000036	270.64262367812427	259.83728370233672	219.06305902614525
0.46900000000000036	237.72743650857694	259.92922082535136	218.88741685423918
0.46950000000000036	259.99727274776211	259.87692451548889	219.33950224597686
0.47000000000000036	259.99727274776217	259.83370071785504	221.02703688177002
0.47050000000000036	302.32808509850713	260.04885813338149	223.01376943972178
0.47100000000000036	284.81645794747766	260.62870830926329	224.04846259562399
0.47150000000000036	257.14422598749724	261.24606567968061	223.71481819171143
0.47200000000000036	220.29169952632435	261.50688262610788	222.57246135077116
0.47250000000000036	259.99727274776211	261.47709234279222	222.02757613774278
0.47300000000000036	259.99727274776205	261.4341720254572	222.82313730463153
0.47350000000000037	295.84790344402973	261.59238451912819	224.1068240881236
0.47400000000000037	273.72181194099159	262.00153278324274	224.85803073675393
0.47450000000000037	241.82815100534035	262.30088004563612	224.97215586317009
0.47500000000000037	201.29677764963725	262.07500482192899	225.36702245563691
0.47550000000000037	259.99727274776211	261.51076779187008	226.82770927202085
0.47600000000000037	303.61604130393073	261.26892086880491	228.53548209765279
0.47650000000000037	287.27850787060595	261.46636043613614	229.19807954820749
0.47700000000000037	260.69314976951318	261.78286765751312	228.33407217379767
0.47750000000000037	224.80177413479493	261.82812040773962	226.42265543447584
0.47800000000000037	259.99727274776217	261.63715315093356	225.0105108283353
0.47850000000000037	259.99727274776205	261.45474244693901	225.02377805732471
0.47900000000000037	297.66583901915385	261.50436896908195	225.58141894638922
0.47950000000000037	276.6800610931943	261.85007774372946	225.59441452287882
0.48000000000000037	245.82191578758329	262.13813393137656	224.87074917850964
0.48050000000000037	206.18457634122291	261.95702219429666	224.23054038079931
0.48100000000000037	259.99727274776205	261.46127571752146	224.61939653171237
0.48150000000000037	259.99727274776211	261.02074954649072	226.18752861371752
0.48200000000000037	289.61369827037811	260.80756972113409	228.18688716938749
0.48250000000000037	264.12687728845015	260.81539874802763	229.82770433565562
0.48300000000000037	229.21239300909221	260.65491298722395	231.28452091823718
0.48350000000000037	259.99727274776205	260.32823021541202	233.27685423732666
0.48400000000000037	259.99727274776211	260.04542581474527	236.1369211724035
0.48450000000000037	299.35233250962602	260.03596492915125	239.00831310962749
0.48500000000000038	279.5160738931686	260.37530576248918	240.78804573189569
0.48550000000000038	249.70697967383859	260.71506749998201	241.2489588457068
0.48600000000000038	210.98105945338565	260.64621242172893	241.1631637476429
0.48650000000000038	259.99727274776205	260.29013311476166	241.67567492888151
0.48700000000000038	305.78928789824323	260.25325944285123	242.38784776739419
0.48750000000000038	291.82092250352366	260.67737164130244	241.93505757476029
0.48800000000000038	267.44381410163101	261.2634449283637	239.71166736173507
0.48850000000000038	233.52154122323233	261.63638000242065	236.03859223480532
0.48900000000000038	191.25582181736928	261.37276801976515	232.35126643344913
0.48950000000000038	259.99727274776217	260.7252832288039	229.96942103995505
0.49000000000000038	300.90664060767301	260.40563984068166	228.37616435972515
0.49050000000000038	282.228600982854	260.50101717081697	226.34716253082078
0.49100000000000038	253.48163318118765	260.6693501030976	223.51369888705577
0.49150000000000038	215.68412068654408	260.50477760862833	220.49545909187435
0.49200000000000038	259.99727274776217	260.09644407865005	218.52722478141226
0.49250000000000038	259.99727274776211	259.74667254467352	218.13683500263565
0.49300000000000038	293.89932200541074	259.65135066787752	218.47900126417406
0.49350000000000038	270.64262222576946	259.83728363963638	218.58138675410689
0.49400000000000038	237.72743533552651	259.92922070150485	218.40574494570788
0.49450000000000038	259.99727274776211	259.87692433397331	218.85783068861761
0.49500000000000038	259.99727274776205	259.83370048925161	220.54536569516173
0.49550000000000038	259.99989387798746	259.79874826492033	223.27949497951786
0.49600000000000039	284.81648339656658	259.91792289433607	226.38856975471438
0.49650000000000039	257.14425354860202	260.15039576922243	229.25214430321597
0.49700000000000039	220.29172494303285	260.09558043590994	232.2411643702564
0.49750000000000039	259.99727274776217	259.81300924113515	235.84291576198905
0.49800000000000039	259.99727274776217	259.57395215314705	240.06648515308075
0.49850000000000039	295.84790454763231	259.58670358419477	244.12416694493962
0.49900000000000039	273.72181351487734	259.89537230187989	247.05824701102881
0.49950000000000039	241.82815239309321	260.13382874669691	248.82480101778918
0.50000000000000033	201.29677782991226	259.88157968751386	250.39972133598292
