0.0001	-1
0.00020000000000000001	308.90591343693944
0.00030000000000000003	308.24302899382246
0.00040000000000000002	307.13927237650739
0.00050000000000000001	305.59621216831044
0.00060000000000000006	303.61604118467915
0.0007000000000000001	301.20157339870974
0.00080000000000000015	298.3562399423472
0.00090000000000000019	295.08408423057068
0.0010000000000000002	291.38975621549014
0.0011000000000000003	287.2785057785199
0.0012000000000000003	282.75617527002055
0.0013000000000000004	277.82919120700927
0.0014000000000000004	272.50455514073781
0.0015000000000000005	266.78983370711421
0.0016000000000000005	260.69314787410923
0.0017000000000000006	254.22316140142598
0.0018000000000000006	247.38906852883224
0.0019000000000000006	240.20058091065215
0.0020000000000000005	232.66791381498308
0.0021000000000000003	224.80177160724929
0.0022000000000000001	216.61333253872172
0.0023	208.11423286161988
0.0023999999999999998	199.31655029336943
0.0024999999999999996	190.23278685351301
0.0025999999999999994	180.87585109766422
0.0026999999999999993	259.98986061992406
0.0027999999999999991	259.98954563690762
0.0028999999999999989	259.99957717554798
0.0029999999999999988	259.98918375937563
0.0030999999999999986	259.99919121479115
0.0031999999999999984	259.98877837803559
0.0032999999999999982	259.99876287518174
0.0033999999999999981	259.98833180219123
0.0034999999999999979	259.98678923088801
0.0035999999999999977	259.98678923088801
0.0036999999999999976	259.9998932485712
0.0037999999999999974	259.98678989136391
0.0038999999999999972	259.99989258812855
0.0039999999999999975	259.9867905517732
0.0040999999999999977	259.99989192775246
0.004199999999999998	259.98679121211603
0.0042999999999999983	259.99989126744299
0.0043999999999999985	259.98679187239225
0.0044999999999999988	259.99989060720009
0.0045999999999999991	259.98679253260184
0.0046999999999999993	259.9998899470238
0.0047999999999999996	259.98679319274487
0.0048999999999999998	259.99988928691403
0.0050000000000000001	259.98679385282134
0.0051000000000000004	259.99982312970042
0.0052000000000000006	259.99981002127555
0.0053000000000000009	259.99978994582318
0.0054000000000000012	259.99978202116108
0.0055000000000000014	259.99976195111651
0.0056000000000000017	259.99975406674423
0.0057000000000000019	259.9997340816131
0.0058000000000000022	259.9997263168604
0.0059000000000000025	259.99970649568002
0.0060000000000000027	259.99969892918318
0.006100000000000003	259.99967935007305
0.0062000000000000033	259.99967205932779
0.0063000000000000035	259.98678923088801
0.0064000000000000038	259.98678923088801
0.006500000000000004	259.99989324857108
0.0066000000000000043	259.98678989136397
0.0067000000000000046	259.99989258812849
0.0068000000000000048	259.98679055177331
0.0069000000000000051	259.99989192775246
0.0070000000000000053	259.98679121211597
0.0071000000000000056	259.99989126744305
0.0072000000000000059	259.98679187239213
0.0073000000000000061	259.99989060720009
0.0074000000000000064	259.98679253260173
0.0075000000000000067	259.99988994702386
0.0076000000000000069	259.98679319274481
0.0077000000000000072	259.99988928691403
0.0078000000000000074	259.98679385282128
0.0079000000000000077	259.99078921741966
0.0080000000000000071	259.99055882623611
0.0081000000000000065	259.99966856587082
0.0082000000000000059	259.99027911758202
0.0083000000000000053	259.99936328170742
0.0084000000000000047	259.98995241762441
0.0085000000000000041	259.99901190470024
0.0086000000000000035	259.98958058803203
0.0087000000000000029	259.99861642614979
0.0088000000000000023	259.98916574690793
0.0089000000000000017	259.99817908795171
0.0090000000000000011	259.98871025675396
0.0091000000000000004	259.98678923088801
0.0091999999999999998	259.98678923088801
0.0092999999999999992	259.9998932485712
0.0093999999999999986	259.98678989136386
0.009499999999999998	259.99989258812855
0.0095999999999999974	259.9867905517732
0.0096999999999999968	259.99989192775251
0.0097999999999999962	259.98679121211592
0.0098999999999999956	259.99989126744305
0.009999999999999995	259.98679187239213
0.010099999999999994	259.99989060720014
0.010199999999999994	259.98679253260184
0.010299999999999993	259.9998899470238
0.010399999999999993	259.98679319274481
0.010499999999999992	259.99984482856559
0.010599999999999991	259.9998317843324
0.010699999999999991	259.99981164876681
0.01079999999999999	259.99980385866382
0.01089999999999999	259.99978366667807
0.010999999999999989	259.99977585492792
0.011099999999999988	259.99975568608011
0.011199999999999988	259.99974793224084
0.011299999999999987	259.99972786597124
0.011399999999999987	259.99972024925762
0.011499999999999986	259.99970036443813
0.011599999999999985	259.99969296327117
0.011699999999999985	259.99967333775703
0.011799999999999984	259.99966622931919
0.011899999999999984	259.98678923088795
0.011999999999999983	259.98678923088795
0.012099999999999982	259.9998932485712
0.012199999999999982	259.98678989136386
0.012299999999999981	259.99989258812855
0.01239999999999998	259.9867905517732
0.01249999999999998	259.99989192775263
0.012599999999999979	259.98679121211586
0.012699999999999979	259.9998912674431
0.012799999999999978	259.98679187239202
0.012899999999999977	259.99989060720031
0.012999999999999977	259.9867925326015
0.013099999999999976	259.99140720369167
0.013199999999999976	259.99126553760061
0.013299999999999975	259.99976203298951
0.013399999999999974	259.99107306342921
0.013499999999999974	259.99954285469647
0.013599999999999973	259.99083095348192
0.013699999999999973	259.99927469649231
0.013799999999999972	259.9905405883934
0.013899999999999971	259.99895907718786
0.013999999999999971	259.99020362299314
0.01409999999999997	259.99859778527878
0.01419999999999997	259.98982197690134
0.014299999999999969	259.99819286878255
0.014399999999999968	259.98939782362208
0.014499999999999968	259.99774662360107
0.014599999999999967	259.98678923088795
0.014699999999999967	259.98678923088801
0.014799999999999966	259.9998932485712
0.014899999999999965	259.98678989136397
0.014999999999999965	259.99989258812843
0.015099999999999964	259.98679055177331
0.015199999999999964	259.9998919277524
0.015299999999999963	259.98679121211597
0.015399999999999962	259.99989126744299
0.015499999999999962	259.98679187239213
0.015599999999999961	259.99989060720014
0.015699999999999961	259.98679253260173
0.01579999999999996	259.99987999106941
0.015899999999999959	259.99986716925957
0.015999999999999959	259.99984708521754
0.016099999999999958	259.99983957406369
0.016199999999999957	259.99981933254685
0.016299999999999957	259.99981169825332
0.016399999999999956	259.99979137831167
0.016499999999999956	259.99978370021739
0.016599999999999955	259.99976338136088
0.016699999999999954	259.99975573903851
0.016799999999999954	259.99973550078619
0.016899999999999953	259.99972797359084
0.016999999999999953	259.99970789501759
0.017099999999999952	259.9997005616359
0.017199999999999951	259.99968072092378
0.017299999999999951	259.99967365892667
0.01739999999999995	259.98678923088801
0.01749999999999995	259.98678923088801
0.017599999999999949	259.99989324857125
0.017699999999999948	259.98678989136386
0.017799999999999948	259.99989258812866
0.017899999999999947	259.98679055177314
0.017999999999999947	259.99989192775257
0.018099999999999946	259.9867912121158
0.018199999999999945	259.99989126744327
0.018299999999999945	259.98679187239196
0.018399999999999944	259.9916530924711
0.018499999999999944	259.99157686163477
0.018599999999999943	259.99982955722533
0.018699999999999942	259.99144934287312
0.018799999999999942	259.99967475938536
0.018899999999999941	259.99127083551434
0.018999999999999941	259.99946944693107
0.01909999999999994	259.99104235863234
0.019199999999999939	259.99921478172951
0.019299999999999939	259.99076521523705
0.019399999999999938	259.99891220608106
0.019499999999999938	259.99044098486979
0.019599999999999937	259.99856343452404
0.019699999999999936	259.99007151462894
0.019799999999999936	259.99817044409184
0.019899999999999935	259.9896589086739
0.019999999999999934	259.99773546307904
0.020099999999999934	259.9892055162685
0.020199999999999933	259.98678923088801
0.020299999999999933	259.98678923088801
0.020399999999999932	259.99989324857108
0.020499999999999931	259.98678989136391
0.020599999999999931	259.99989258812855
0.02069999999999993	259.9867905517732
0.02079999999999993	259.99989192775257
0.020899999999999929	259.98679121211586
0.020999999999999928	259.99989126744322
0.021099999999999928	259.99991426674762
0.021199999999999927	259.99990181086935
0.021299999999999927	259.99988196462323
0.021399999999999926	259.99987480208165
0.021499999999999925	259.99985469876651
0.021599999999999925	259.99984731273469
0.021699999999999924	259.99982703015962
0.021799999999999924	259.99981949902138
0.021899999999999923	259.99979911602838
0.021999999999999922	259.99979151897719
0.022099999999999922	259.99977111499396
0.022199999999999921	259.99976353158274
0.022299999999999921	259.99974318617126
0.02239999999999992	259.99973569586103
0.022499999999999919	259.99971548826454
0.022599999999999919	259.99970816997273
0.022699999999999918	259.99968817866608
0.022799999999999918	259.99968111031797
0.022899999999999917	259.99966141256215
0.022999999999999916	259.98678923088801
0.023099999999999916	259.98678923088806
0.023199999999999915	259.99989324857125
0.023299999999999915	259.9867898913638
0.023399999999999914	259.99989258812866
0.023499999999999913	259.98679055177308
0.023599999999999913	259.99989192775251
0.023699999999999912	259.98679121211586
0.023799999999999912	262.08059346562942
0.023899999999999911	255.69278597113157
0.02399999999999991	259.99162239556307
0.02409999999999991	259.99153471672048
0.024199999999999909	259.99981782642698
0.024299999999999908	259.99139579753285
0.024399999999999908	259.99965171363908
0.024499999999999907	259.99120609134854
0.024599999999999907	259.99943531983183
0.024699999999999906	259.99096668089601
0.024799999999999905	259.99916986981822
0.024899999999999905	259.99067893133252
0.024999999999999904	259.99885686715959
0.025099999999999904	259.99034448248659
0.025199999999999903	259.99849808562158
0.025299999999999902	259.98996523954082
0.025399999999999902	259.99809555909547
0.025499999999999901	259.98954336220538
0.025599999999999901	259.9976515700418
0.0256999999999999	259.98908125244702
0.025799999999999899	259.98678923088801
0.025899999999999899	259.98678923088801
0.025999999999999898	259.9998932485712
0.026099999999999898	259.98678989136386
0.026199999999999897	259.99989258812855
0.026299999999999896	259.98679055177325
0.026399999999999896	259.99989192775246
0.026499999999999895	259.98679121211603
0.026599999999999895	260.69320044371625
0.026699999999999894	259.99946336237969
0.026799999999999893	259.99989585379075
0.026899999999999893	259.99987595289167
0.026999999999999892	259.99986872484197
0.027099999999999892	259.99984858404895
0.027199999999999891	259.99984114983846
0.02729999999999989	259.99982084722882
0.02739999999999989	259.9998132854596
0.027499999999999889	259.99979290004455
0.027599999999999889	259.99978529002897
0.027699999999999888	259.99976490130513
0.027799999999999887	259.99975732261493
0.027899999999999887	259.9997370101122
0.027999999999999886	259.99972954212654
0.028099999999999885	259.9997093849563
0.028199999999999885	259.99970210641089
0.028299999999999884	259.99968218281651
0.028399999999999884	259.99967517135588
0.028499999999999883	259.98678923088795
0.028599999999999882	259.98678923088801
0.028699999999999882	259.99989324857125
0.028799999999999881	259.9867898913638
0.028899999999999881	259.99989258812855
0.02899999999999988	259.9867905517732
0.029099999999999879	259.99989192775269
0.029199999999999879	259.9867912121158
0.029299999999999878	265.46777960928398
0.029399999999999878	259.28736982783414
0.029499999999999877	252.73565702473621
0.029599999999999876	259.99158660429816
0.029699999999999876	259.99148750206319
0.029799999999999875	259.99980608622479
0.029899999999999875	259.99133722219278
0.029999999999999874	259.99962870437719
0.030099999999999873	259.99113637118307
0.030199999999999873	259.99940128922071
0.030299999999999872	259.99088609511369
0.030399999999999872	259.99912512817042
0.030499999999999871	259.99058782090572
0.03059999999999987	259.99880178562626
0.03069999999999987	259.99024324821454
0.030799999999999869	259.99843309408357
0.030899999999999869	259.98985433977191
0.030999999999999868	259.99802114372108
0.031099999999999867	259.98942331023301
0.031199999999999867	259.99756827052329
0.03129999999999987	259.98678923088801
0.031399999999999872	259.98678923088801
0.031499999999999875	259.9998932485712
0.031599999999999878	259.98678989136391
0.031699999999999881	259.99989258812855
0.031799999999999884	259.9867905517732
0.031899999999999887	259.99989192775257
0.03199999999999989	270.01241933263657
0.032099999999999893	264.12690016680153
0.032199999999999895	257.86320069179561
0.032299999999999898	251.23022218712975
0.032399999999999901	259.99753705137988
0.032499999999999904	259.9998762910032
0.032599999999999907	259.99985625114363
0.03269999999999991	259.99984882428782
0.032799999999999913	259.99982860079393
0.032899999999999915	259.99982102447206
0.032999999999999918	259.99980069614014
0.033099999999999921	259.99979304951256
0.033199999999999924	259.99977269574964
0.033299999999999927	259.99976505836128
0.03339999999999993	259.99974475873353
0.033499999999999933	259.99973721006222
0.033599999999999935	259.99971704384251
0.033699999999999938	259.99970966284786
0.033799999999999941	259.9996897085656
0.033899999999999944	259.99968257323968
0.033999999999999947	259.99966290823454
0.03409999999999995	259.98678923088801
0.034199999999999953	259.98678923088801
0.034299999999999956	259.9998932485712
0.034399999999999958	259.98678989136391
0.034499999999999961	259.99989258812855
0.034599999999999964	259.9867905517732
0.034699999999999967	274.32321252041834
0.03479999999999997	268.7376437187815
0.034899999999999973	262.76734246680149
0.034999999999999976	256.42079310225824
0.035099999999999978	249.707014452892
0.035199999999999981	242.63554719880881
0.035299999999999984	259.99143523091743
0.035399999999999987	259.99129921135102
0.03549999999999999	259.99976790546464
0.035599999999999993	259.99111232219991
0.035699999999999996	259.99955425422695
0.035799999999999998	259.99087566115122
0.035900000000000001	259.99929147135776
0.036000000000000004	259.99059057786059
0.036100000000000007	259.9989810451421
0.03620000000000001	259.99025869712739
0.036300000000000013	259.99862473458478
0.036400000000000016	259.98988190966247
0.036500000000000019	259.99822455941563
0.036600000000000021	259.98946236134475
0.036700000000000024	259.99778278861294
0.036800000000000027	259.98900244102788
0.03690000000000003	259.98678923088795
0.037000000000000033	259.98678923088801
0.037100000000000036	259.9998932485712
0.037200000000000039	259.98678989136397
0.037300000000000041	259.99989258812855
0.037400000000000044	259.98679055177331
0.037500000000000047	273.11563901728539
0.03760000000000005	267.44386871595526
0.037700000000000053	261.38920452257344
0.037800000000000056	254.96025067148236
0.037900000000000059	248.16614309317555
0.038000000000000062	241.01653662100762
0.038100000000000064	259.99980972569995
0.038200000000000067	259.99985646362336
0.03830000000000007	259.99983634412689
0.038400000000000073	259.99982874056769
0.038500000000000076	259.99980849424048
0.038600000000000079	259.99980079835319
0.038700000000000082	259.9997805044776
0.038800000000000084	259.99977279574563
0.038900000000000087	259.99975253388902
0.03900000000000009	259.99974489185445
0.039100000000000093	259.99972474141646
0.039200000000000096	259.99971724522766
0.039300000000000099	259.99969728498934
0.039400000000000102	259.99969001295187
0.039500000000000104	259.99967032062773
0.039600000000000107	259.98678923088801
0.03970000000000011	259.98678923088801
0.039800000000000113	259.9998932485712
0.039900000000000116	259.98678989136391
0.040000000000000119	259.9998925881286
0.040100000000000122	259.98679055177308
0.040200000000000125	277.25711817253386
0.040300000000000127	271.88875468799415
0.04040000000000013	266.13118086131806
0.040500000000000133	259.99257873786723
0.040600000000000136	253.4816716429437
0.040700000000000139	246.60771196701225
0.040800000000000142	239.38046801755479
0.040900000000000145	259.99137791795721
0.041000000000000147	259.99123061528417
0.04110000000000015	259.99975616207894
0.041200000000000153	259.99103256978731
0.041300000000000156	259.99953147192713
0.041400000000000159	259.9907850281196
0.041500000000000162	259.99925795702194
0.041600000000000165	259.9904894017983
0.041700000000000167	259.99893716659403
0.04180000000000017	259.99014737556615
0.041900000000000173	259.99857091850413
0.042000000000000176	259.9897608978186
0.042100000000000179	259.99816128891337
0.042200000000000182	259.98933216953219
0.042300000000000185	259.99771060048619
0.042400000000000188	259.98678923088801
0.04250000000000019	259.98678923088801
0.042600000000000193	259.99989324857114
0.042700000000000196	259.98678989136397
0.042800000000000199	259.99989258812849
0.042900000000000202	281.15852263484749
0.043000000000000205	276.09818112744887
0.043100000000000208	270.64264742795956
0.04320000000000021	264.79967435862415
0.043300000000000213	258.577565140199
0.043400000000000216	251.98516176607296
0.043500000000000219	245.03183243731814
0.043600000000000222	237.72745824997153
0.043700000000000225	259.99541224681428
0.043800000000000228	259.99985031867766
0.043900000000000231	259.99983018677443
0.044000000000000233	259.99982253325368
0.044100000000000236	259.99980229208126
0.044200000000000239	259.99979456387638
0.044300000000000242	259.99977429281944
0.044400000000000245	259.99976656946563
0.044500000000000248	259.99974634809365
0.044600000000000251	259.9997387090844
0.044700000000000253	259.99971861669815
0.044800000000000256	259.99971114103391
0.044900000000000259	259.99969125621584
0.045000000000000262	259.9996840219539
0.045100000000000265	259.9996644221215
0.045200000000000268	259.98678923088801
0.045300000000000271	259.98678923088801
0.045400000000000273	259.99989324857125
0.045500000000000276	259.98678989136391
0.045600000000000279	259.9998925881286
0.045700000000000282	280.06853253003402
0.045800000000000285	274.91972917710416
0.045900000000000288	269.37740828390724
0.046000000000000291	263.44944600422554
0.046100000000000294	257.14426633298598
0.046200000000000296	250.47082931108929
0.046300000000000299	243.4386182927089
0.046400000000000302	236.05762646893828
0.046500000000000305	259.991315579272
0.046600000000000308	259.99115703484426
0.046700000000000311	259.99974442660033
0.046800000000000314	259.99094788934332
0.046900000000000316	259.99950875986684
0.047000000000000319	259.99068953729318
0.047100000000000322	259.99922458896492
0.047200000000000325	259.99038345167622
0.047300000000000328	259.99889352363573
0.047400000000000331	259.99003137670593
0.047500000000000334	259.99851744008572
0.047600000000000336	259.98963531791486
0.047700000000000339	259.99809847032435
0.047800000000000342	259.98919753076007
0.047900000000000345	259.99763899005012
0.048000000000000348	259.98678923088801
0.048100000000000351	259.98678923088795
0.048200000000000354	259.9998932485712
0.048300000000000357	259.98678989136397
0.048400000000000359	283.79638959517195
0.048500000000000362	278.95874297659242
0.048600000000000365	273.72183910920921
0.048700000000000368	268.0931201154408
0.048800000000000371	262.08058474799191
0.048900000000000374	255.69277718307399
0.049000000000000377	248.93877487867013
0.049100000000000379	241.82817567498356
0.049200000000000382	234.37108415538816
0.049300000000000385	259.99493138564389
0.049400000000000388	259.99984415600306
0.049500000000000391	259.99982401726521
0.049600000000000394	259.99981631601111
0.049700000000000397	259.99979608559619
0.0498000000000004	259.99978832732262
0.049900000000000402	259.99976808469557
0.050000000000000405	259.9997603489677
0.050100000000000408	259.99974017367714
0.050200000000000411	259.99973253991794
0.050300000000000414	259.99971251114403
0.050400000000000417	259.9997050581826
0.05050000000000042	259.99968525428756
0.050600000000000422	259.99967805991116
0.050700000000000425	259.99965855799348
0.050800000000000428	259.98678923088801
0.050900000000000431	259.98678923088801
0.051000000000000434	259.9998932485712
0.051100000000000437	287.27855009062301
0.05120000000000044	282.75621901970862
0.051300000000000442	277.82923425403339
0.051400000000000445	272.50459749638316
0.051500000000000448	266.78987538248532
0.051600000000000451	260.69318888013123
0.051700000000000454	254.22320174884899
0.051800000000000457	247.38910822823465
0.05190000000000046	240.20061997244096
0.052000000000000463	232.66795224939895
0.052100000000000465	224.80180942436886
0.052200000000000468	259.98678923088801
0.052300000000000471	259.98678923088801
0.052400000000000474	259.9998932485712
0.052500000000000477	259.98678989136386
0.05260000000000048	259.9998925881286
0.052700000000000483	259.98679055177308
0.052800000000000485	259.99989192775263
0.052900000000000488	259.9867912121158
0.053000000000000491	259.99989126744327
0.053100000000000494	259.9867918723919
0.053200000000000497	259.99989060720043
0.0533000000000005	259.9867925326015
0.053400000000000503	259.99988994702403
0.053500000000000505	259.98679319274464
0.053600000000000508	259.99988928691425
0.053700000000000511	259.98679385282099
0.053800000000000514	259.99988862687115
0.053900000000000517	286.30889653509371
0.05400000000000052	281.69606653894567
0.054100000000000523	276.68008941276003
0.054200000000000526	271.26809333359063
0.054300000000000528	265.46776908107347
0.054400000000000531	259.2873592698358
0.054500000000000534	252.73564663629458
0.054600000000000537	245.82194155791814
0.05470000000000054	238.55606882267949
0.054800000000000543	230.94835366750564
0.054900000000000546	259.98678923088801
0.055000000000000548	259.98678923088795
0.055100000000000551	259.9998932485712
0.055200000000000554	259.98678989136386
0.055300000000000557	259.99989258812866
0.05540000000000056	259.9867905517732
0.055500000000000563	259.99989192775257
0.055600000000000566	259.98679121211597
0.055700000000000569	259.99989126744316
0.055800000000000571	259.98679187239202
0.055900000000000574	259.9998906072002
0.056000000000000577	259.98679253260161
0.05610000000000058	259.99988994702403
0.056200000000000583	259.98679319274459
0.056300000000000586	259.99988928691431
0.056400000000000589	259.98679385282105
0.056500000000000591	259.99988862687104
0.056600000000000594	289.61371432674105
0.056700000000000597	285.31900474112041
0.0568000000000006	280.61599960565701
0.056900000000000603	275.51138233891254
0.057000000000000606	270.01240691896743
0.057100000000000609	264.12688772781348
0.057200000000000611	257.86318844669813
0.057300000000000614	251.23021017088351
0.057400000000000617	244.23737876071579
0.05750000000000062	236.89463144696956
0.057600000000000623	229.21240270950588
0.057700000000000626	221.20160944931871
0.057800000000000629	259.98678923088801
0.057900000000000632	259.98678923088801
0.058000000000000634	259.9998932485712
0.058100000000000637	259.98678989136386
0.05820000000000064	259.99989258812855
0.058300000000000643	259.9867905517732
0.058400000000000646	259.99989192775251
0.058500000000000649	259.98679121211597
0.058600000000000652	259.9998912674431
0.058700000000000654	259.98679187239213
0.058800000000000657	259.9998906072002
0.05890000000000066	259.98679253260173
0.059000000000000663	259.9998899470238
0.059100000000000666	259.98679319274481
0.059200000000000669	259.99988928691403
0.059300000000000672	259.98679385282128
0.059400000000000674	288.69494182579319
0.059500000000000677	284.30895192278291
0.05960000000000068	279.51610181785935
0.059700000000000683	274.32320260655956
0.059800000000000686	268.73763372027912
0.059900000000000689	262.76733259490487
0.060000000000000692	256.42078339129694
0.060100000000000695	249.70700493884038
0.060200000000000697	242.63553791920162
0.0603000000000007	235.21643130851146
0.060400000000000703	227.46022809722709
0.060500000000000706	259.98678923088801
0.060600000000000709	259.98678923088789
0.060700000000000712	259.99989324857125
0.060800000000000715	259.98678989136386
0.060900000000000717	259.99989258812866
0.06100000000000072	259.98679055177314
0.061100000000000723	259.99989192775263
0.061200000000000726	259.98679121211592
0.061300000000000729	259.99989126744322
0.061400000000000732	259.98679187239202
0.061500000000000735	259.99989060720031
0.061600000000000737	259.98679253260161
0.06170000000000074	259.99988994702403
0.061800000000000743	259.98679319274464
0.061900000000000746	259.99988928691425
0.062000000000000749	259.98679385282105
0.062100000000000752	291.8209673313998
0.062200000000000755	287.75576318519984
0.062300000000000758	283.27880070281736
0.06240000000000076	278.39644207785739
0.062500000000000763	273.11562544711575
0.062600000000000766	267.44385517740352
0.062700000000000769	261.38919120144749
0.062800000000000772	254.96023756429028
0.062900000000000775	248.16613019648173
0.063000000000000778	241.01652393143121
0.06310000000000078	233.52157878537173
0.063200000000000783	225.69194551942428
0.063300000000000786	217.53875050430079
0.063400000000000789	259.98678923088801
0.063500000000000792	259.98678923088801
0.063600000000000795	259.9998932485712
0.063700000000000798	259.98678989136386
0.063800000000000801	259.9998925881286
0.063900000000000803	259.9867905517732
0.064000000000000806	259.99989192775263
0.064100000000000809	259.98679121211592
0.064200000000000812	259.99989126744305
0.064300000000000815	259.98679187239219
0.064400000000000818	259.99989060720014
0.064500000000000821	259.98679253260173
0.064600000000000823	259.99988994702392
0.064700000000000826	259.98679319274476
0.064800000000000829	259.99988928691425
0.064900000000000832	290.95347890998039
0.065000000000000835	286.79625311568827
0.065100000000000838	282.22863248808
0.065200000000000841	277.25710804483521
0.065300000000000843	271.88874463037035
0.065400000000000846	266.13117101841522
0.065500000000000849	259.99256907111618
0.065600000000000852	253.48166211217011
0.065700000000000855	246.60770253051589
0.065800000000000858	239.38045863219133
0.065900000000000861	231.81020075904183
0.066000000000000864	223.90768669401572
0.066100000000000866	259.98678923088801
0.066200000000000869	259.98678923088801
0.066300000000000872	259.99989324857114
0.066400000000000875	259.98678989136386
0.066500000000000878	259.99989258812866
0.066600000000000881	259.9867905517732
0.066700000000000884	259.99989192775263
0.066800000000000886	259.98679121211592
0.066900000000000889	259.9998912674431
0.067000000000000892	259.98679187239202
0.067100000000000895	259.99989060720031
0.067200000000000898	259.98679253260161
0.067300000000000901	259.99988994702403
0.067400000000000904	259.98679319274453
0.067500000000000906	259.99988928691431
0.067600000000000909	293.89934096831666
0.067700000000000912	290.06542558837066
0.067800000000000915	285.81646967605047
0.067900000000000918	281.15851140092434
0.068000000000000921	276.09817001327622
0.068100000000000924	270.64263657122189
0.068200000000000927	264.79966372182935
0.068300000000000929	258.57755468419543
0.068400000000000932	251.98515145012556
0.068500000000000935	245.03182221918536
0.068600000000000938	237.7274480859902
0.068700000000000941	230.08240899863551
0.068800000000000944	222.10756900822921
0.068900000000000947	259.98678923088801
0.069000000000000949	259.98678923088801
0.069100000000000952	259.9998932485712
0.069200000000000955	259.98678989136374
0.069300000000000958	259.99989258812877
0.069400000000000961	259.98679055177297
0.069500000000000964	259.99989192775274
0.069600000000000967	259.9867912121158
0.06970000000000097	259.99989126744333
0.069800000000000972	259.98679187239185
0.069900000000000975	259.99989060720048
0.070000000000000978	259.98679253260138
0.070100000000000981	259.99988994702414
0.070200000000000984	259.98679319274436
0.070300000000000987	259.99988928691448
0.07040000000000099	293.08351655570374
0.070500000000000992	289.15687805981617
0.070600000000000995	284.81649015512812
0.070700000000000998	280.06852095165368
0.070800000000001001	274.91971761171368
0.070900000000001004	269.37739690425201
0.071000000000001007	263.4494348073232
0.07110000000000101	257.14425531590149
0.071200000000001012	250.47081847093409
0.071300000000001015	243.43860762664207
0.071400000000001018	236.05761597416529
0.071500000000001021	228.33833234069544
0.071600000000001024	220.29172628429512
0.071700000000001027	259.98678923088801
0.07180000000000103	259.98678923088801
0.071900000000001033	259.9998932485712
0.072000000000001035	259.98678989136386
0.072100000000001038	259.99989258812849
0.072200000000001041	259.9867905517732
0.072300000000001044	259.9998919277524
0.072400000000001047	259.98679121211603
0.07250000000000105	259.9998912674431
0.072600000000001053	259.98679187239213
0.072700000000001055	259.99989060720009
0.072800000000001058	259.98679253260173
0.072900000000001061	259.99988994702392
0.073000000000001064	259.98679319274481
0.073100000000001067	295.84792298053139
0.07320000000000107	292.24697770493498
0.073300000000001073	288.22789179206393
0.073400000000001075	283.79637675556137
0.073500000000001078	278.95873005964569
0.073600000000001081	273.72182630322101
0.073700000000001084	268.0931074507082
0.073800000000001087	262.08057225661543
0.07390000000000109	255.6927648988777
0.074000000000001093	248.93876283712584
0.074100000000001096	241.82816391312724
0.074200000000001098	234.37107271173474
0.074300000000001101	226.57808620173239
0.074400000000001104	218.46027867696634
0.074500000000001107	259.98678923088801
0.07460000000000111	259.98678923088801
0.074700000000001113	259.9998932485712
0.074800000000001116	259.98678989136391
0.074900000000001118	259.99989258812855
0.075000000000001121	259.98679055177325
0.075100000000001124	259.99989192775251
0.075200000000001127	259.98679121211592
0.07530000000000113	259.99989126744299
0.075400000000001133	259.98679187239225
0.075500000000001136	259.99989060720009
0.075600000000001139	259.98679253260184
0.075700000000001141	259.9998899470238
0.075800000000001144	259.98679319274487
0.075900000000001147	295.08412102103756
0.07600000000000115	291.38979235243164
0.076100000000001153	287.27854116184682
0.076200000000001156	282.75620993732491
0.076300000000001159	277.82922519768817
0.076400000000001161	272.50458849592428
0.076500000000001164	266.7898664696059
0.076600000000001167	260.693180088296
0.07670000000000117	254.22319311321513
0.076800000000001173	247.38909978556973
0.076900000000001176	240.20061176104556
0.077000000000001179	232.66794430902047
0.077100000000001181	224.80180179611537
0.077200000000001184	216.61336247471596
0.077300000000001187	259.98678923088801
0.07740000000000119	259.98678923088801
0.077500000000001193	259.9998932485712
0.077600000000001196	259.98678989136397
0.077700000000001199	259.99989258812855
0.077800000000001202	259.98679055177331
0.077900000000001204	259.99989192775251
0.078000000000001207	259.98679121211597
0.07810000000000121	259.9998912674431
0.078200000000001213	259.98679187239208
0.078300000000001216	259.9998906072002
0.078400000000001219	259.98679253260173
0.078500000000001222	259.9998899470238
0.078600000000001224	259.98679319274481
0.078700000000001227	294.29946867738181
0.07880000000000123	290.51201589881146
0.078900000000001233	286.30888797458709
0.079000000000001236	281.69605795709572
0.079100000000001239	276.6800809687295
0.079200000000001242	271.26808502516394
0.079300000000001244	265.46776090607386
0.079400000000001247	259.28735122612045
0.07950000000000125	252.73563872175498
0.079600000000001253	245.8219337704798
0.079700000000001256	238.55606116030248
0.079800000000001259	230.94834612817897
0.079900000000001262	223.00959968730314
0.080000000000001265	214.75110326406988
0.080100000000001267	259.98678923088801
0.08020000000000127	259.98678923088801
0.080300000000001273	259.99989324857114
0.080400000000001276	259.98678989136386
0.080500000000001279	259.99989258812866
0.080600000000001282	259.98679055177308
0.080700000000001285	259.99989192775257
0.080800000000001287	259.98679121211592
0.08090000000000129	259.9998912674431
0.081000000000001293	259.98679187239202
0.081100000000001296	259.99989060720026
0.081200000000001299	259.98679253260161
0.081300000000001302	259.99988994702392
0.081400000000001305	296.95441480896261
0.081500000000001308	293.49401663556631
0.08160000000000131	289.61370568374537
0.081700000000001313	285.31899624887552
0.081800000000001316	280.61599138540623
0.081900000000001319	275.51137435733182
0.082000000000001322	270.01239914091946
0.082100000000001325	264.12688011641853
0.082200000000001328	257.86318096341103
0.08230000000000133	251.23020277557328
0.082400000000001333	244.23737141174149
0.082500000000001336	236.89462410126345
0.082600000000001339	229.21239532265895
0.082700000000001342	221.20160197566059
0.082800000000001345	212.87362786771556
0.082900000000001348	259.98678923088801
0.08300000000000135	259.98678923088801
0.083100000000001353	259.99989324857108
0.083200000000001356	259.98678989136397
0.083300000000001359	259.99989258812849
0.083400000000001362	259.98679055177331
0.083500000000001365	259.99989192775251
0.083600000000001368	259.98679121211592
0.083700000000001371	259.99989126744299
0.083800000000001373	259.98679187239213
0.083900000000001376	259.99989060720014
0.084000000000001379	259.98679253260178
0.084100000000001382	259.9998899470238
0.084200000000001385	296.22198847483594
0.084300000000001388	292.66783027345423
0.084400000000001391	288.69493335739065
0.084500000000001393	284.30894359415038
0.084600000000001396	279.51609375236143
0.084700000000001399	274.32319477048981
0.084800000000001402	268.73762607813052
0.084900000000001405	262.76732510944714
0.085000000000001408	256.4207760236514
0.085100000000001411	249.70699764855561
0.085200000000001413	242.63553066433781
0.085300000000001416	235.21642404571938
0.085400000000001419	227.46022078183154
0.085500000000001422	219.37794289406114
0.085600000000001425	210.98107577315696
0.085700000000001428	259.98678923088801
0.085800000000001431	259.98678923088801
0.085900000000001434	259.9998932485712
0.086000000000001436	259.98678989136386
0.086100000000001439	259.99989258812866
0.086200000000001442	259.98679055177314
0.086300000000001445	259.99989192775263
0.086400000000001448	259.98679121211586
0.086500000000001451	259.99989126744322
0.086600000000001454	259.98679187239202
0.086700000000001456	259.99989060720031
0.086800000000001459	259.98679253260156
0.086900000000001462	298.69357688110273
0.087000000000001465	295.46862666534588
0.087100000000001468	291.82095764033426
0.087200000000001471	287.75575350582676
0.087300000000001474	283.27879117888972
0.087400000000001477	278.3964327068785
0.087500000000001479	273.11561622662805
0.087600000000001482	267.44384610499117
0.087700000000001485	261.38918227473226
0.087800000000001488	254.96022878093362
0.087900000000001491	248.16612155417999
0.088000000000001494	241.01651542791916
0.088100000000001497	233.52157041841906
0.088200000000001499	225.69193728683916
0.088300000000001502	217.53874240392537
0.088400000000001505	209.07357193883814
0.088500000000001508	259.98678923088801
0.088600000000001511	259.98678923088801
0.088700000000001514	259.9998932485712
0.088800000000001517	259.98678989136386
0.088900000000001519	259.99989258812855
0.089000000000001522	259.9867905517732
0.089100000000001525	259.99989192775257
0.089200000000001528	259.98679121211592
0.089300000000001531	259.9998912674431
0.089400000000001534	259.98679187239208
0.089500000000001537	259.99989060720031
0.08960000000000154	259.98679253260161
0.089700000000001542	298.0136978311412
0.089800000000001545	294.69439280493657
0.089900000000001548	290.95346920636291
0.090000000000001551	286.79624325759733
0.090100000000001554	282.22862264356769
0.090200000000001557	277.25709824184651
0.09030000000000156	271.88873489876426
0.090400000000001562	266.13116138989238
0.090500000000001565	259.9925595791417
0.090600000000001568	253.48165279189655
0.090700000000001571	246.6076934187019
0.090800000000001574	239.38044976712058
0.090900000000001577	231.81019218043744
0.09100000000000158	223.90767844295726
0.091100000000001582	215.68413849260742
0.091200000000001585	259.98678923088801
0.091300000000001588	259.98678923088806
0.091400000000001591	259.9998932485712
0.091500000000001594	259.98678989136386
0.091600000000001597	259.99989258812855
0.0917000000000016	259.98679055177314
0.091800000000001603	259.99989192775251
0.091900000000001605	259.98679121211592
0.092000000000001608	259.9998912674431
0.092100000000001611	259.98679187239208
0.092200000000001614	259.99989060720031
0.092300000000001617	259.9867925326015
0.09240000000000162	300.30084504923525
0.092500000000001623	297.31275757414795
0.092600000000001625	293.89933065815285
0.092700000000001628	290.06541512366044
0.092800000000001631	285.81645921441952
0.092900000000001634	281.15850096861953
0.093000000000001637	276.09815963851776
0.09310000000000164	270.6426262841311
0.093200000000001643	264.79965355435638
0.093300000000001646	258.57754467003804
0.093400000000001648	251.98514162465278
0.093500000000001651	245.03181261935862
0.093600000000001654	237.72743875027857
0.093700000000001657	230.08239996693314
0.09380000000000166	222.10756032176738
0.093900000000001663	213.81425253175524
0.094000000000001666	205.21426187399194
0.094100000000001668	259.98678923088801
0.094200000000001671	259.98678923088801
0.094300000000001674	259.99989324857108
0.094400000000001677	259.98678989136397
0.09450000000000168	259.99989258812849
0.094600000000001683	259.98679055177308
0.094700000000001686	259.99989192775251
0.094800000000001688	259.98679121211592
0.094900000000001691	259.9998912674431
0.095000000000001694	259.98679187239213
0.095100000000001697	259.9998906072002
0.0952000000000017	299.6738114967693
0.095300000000001703	296.59081581124917
0.095400000000001706	293.08350661189479
0.095500000000001709	289.15686813558989
0.095600000000001711	284.81648039027959
0.095700000000001714	280.06851134362319
0.095800000000001717	274.91970815798163
0.09590000000000172	269.3773876023414
0.096000000000001723	263.44942565479562
0.096100000000001726	257.14424631035899
0.096200000000001729	250.47080961001501
0.096300000000001731	243.43859890802378
0.096400000000001734	236.05760739556106
0.096500000000001737	228.33832389985804
0.09660000000000174	220.29171797901199
0.096700000000001743	211.9292243336549
0.096800000000001746	259.98678923088801
0.096900000000001749	259.98678923088801
0.097000000000001751	259.9998932485712
0.097100000000001754	259.98678989136397
0.097200000000001757	259.99989258812849
0.09730000000000176	259.98679055177342
0.097400000000001763	259.99989192775246
0.097500000000001766	259.98679121211603
0.097600000000001769	259.99989126744299
0.097700000000001772	259.98679187239225
0.097800000000001774	259.99989060720009
0.097900000000001777	259.98679253260184
0.09800000000000178	299.02560567363554
0.098100000000001783	295.84791836716676
0.098200000000001786	292.24697323568495
0.098300000000001789	288.22788757312202
0.098400000000001792	283.79637275795875
0.098500000000001794	278.95872625246295
0.098600000000001797	273.72182265365615
0.0987000000000018	268.09310392415125
0.098800000000001803	262.08056881672167
0.098900000000001806	255.69276150764657
0.099000000000001809	248.93875945497723
0.099100000000001812	241.82816049898395
0.099200000000001815	234.37106922310176
0.099300000000001817	226.57808259478267
0.09940000000000182	218.46027490662769
0.099500000000001823	210.0291820392207
0.099600000000001826	259.98678923088801
0.099700000000001829	259.98678923088801
0.099800000000001832	259.9998932485712
0.099900000000001835	259.98678989136397
0.10000000000000184	259.99989258812843
0.10010000000000184	259.98679055177331
0.10020000000000184	259.99989192775251
0.10030000000000185	259.98679121211603
0.10040000000000185	259.99989126744305
0.10050000000000185	259.98679187239213
0.10060000000000185	259.99989060720009
0.10070000000000186	259.98679253260173
0.10080000000000186	298.35627260196941
0.10090000000000186	295.08411648175934
0.10100000000000187	291.38978794866523
0.10110000000000187	287.27853700200092
0.10120000000000187	282.7562059919934
0.10130000000000187	277.82922143552844
0.10140000000000188	272.50458488373056
0.10150000000000188	266.78986297237645
0.10160000000000188	260.69317666931386
0.10170000000000189	254.22318973412246
0.10180000000000189	247.389096406449
0.10190000000000189	240.20060834049843
0.10200000000000189	232.66794080425083
0.1021000000000019	224.80179816301469
0.1022000000000019	216.61335866794749
0.1023000000000019	208.11425857115719
0.10240000000000191	259.98678923088801
0.10250000000000191	259.98678923088789
0.10260000000000191	259.9998932485712
0.10270000000000191	259.98678989136386
0.10280000000000192	259.9998925881286
0.10290000000000192	259.98679055177308
0.10300000000000192	259.99989192775263
0.10310000000000193	259.9867912121158
0.10320000000000193	259.99989126744322
0.10330000000000193	259.98679187239202
0.10340000000000193	259.99989060720031
0.10350000000000194	300.6064083258417
0.10360000000000194	297.66585401658347
0.10370000000000194	294.29945849287071
0.10380000000000195	290.51200574162289
0.10390000000000195	286.30887798051782
0.10400000000000195	281.69604812352594
0.10410000000000195	276.6800712930804
0.10420000000000196	271.26807550490037
0.10430000000000196	265.46775153870021
0.10440000000000196	259.28734200918245
0.10450000000000197	252.73562965283554
0.10460000000000197	245.82192484720161
0.10470000000000197	238.55605238032538
0.10480000000000197	230.94833748920269
0.10490000000000198	223.00959118706334
0.10500000000000198	214.75109490033987
0.10510000000000198	206.18458443714613
0.10520000000000199	259.98678923088801
0.10530000000000199	259.98678923088801
0.10540000000000199	259.9998932485712
0.10550000000000199	259.9867898913638
0.105600000000002	259.99989258812872
0.105700000000002	259.98679055177308
0.105800000000002	259.99989192775263
0.10590000000000201	259.9867912121158
0.10600000000000201	259.99989126744327
0.10610000000000201	259.98679187239196
0.10620000000000202	259.9998906072002
0.10630000000000202	299.98997762130602
0.10640000000000202	296.95440940975971
0.10650000000000202	293.49401099382339
0.10660000000000203	289.61369994628751
0.10670000000000203	285.31899044137486
0.10680000000000203	280.61598553555245
0.10690000000000204	275.51136849475938
0.10700000000000204	270.01239329713707
0.10710000000000204	264.12687432473547
0.10720000000000204	257.86317525885863
0.10730000000000205	251.23019719482647
0.10740000000000205	244.23736599304152
0.10750000000000205	236.89461888432939
0.10760000000000206	229.21239034860781
0.10770000000000206	221.20159728692289
0.10780000000000206	212.87362350794589
0.10790000000000206	204.24030355096681
0.10800000000000207	259.98678923088801
0.10810000000000207	259.98678923088806
0.10820000000000207	259.99989324857108
0.10830000000000208	259.98678989136391
0.10840000000000208	259.99989258812843
0.10850000000000208	259.98679055177331
0.10860000000000208	259.99989192775251
0.10870000000000209	259.98679121211609
0.10880000000000209	259.99989126744299
0.10890000000000209	259.98679187239225
0.1090000000000021	302.05447805471039
0.1091000000000021	299.35234679349043
0.1092000000000021	296.22197769822145
0.1093000000000021	292.66781934273547
0.10940000000000211	288.69492242105446
0.10950000000000211	284.30893267696513
0.10960000000000211	279.51608288111828
0.10970000000000212	274.3231839739334
0.10980000000000212	268.73761538688115
0.10990000000000212	262.76731455592994
0.11000000000000212	256.42076564201659
0.11010000000000213	249.70698747460136
0.11020000000000213	242.63552073542672
0.11030000000000213	235.21641440069689
0.11040000000000214	227.46021146094009
0.11050000000000214	219.37793393885337
0.11060000000000214	210.98106722641268
0.11070000000000214	202.28154376351173
0.11080000000000215	259.98678923088801
0.11090000000000215	259.98678923088801
0.11100000000000215	259.9998932485712
0.11110000000000216	259.98678989136391
0.11120000000000216	259.9998925881286
0.11130000000000216	259.98679055177325
0.11140000000000216	259.99989192775257
0.11150000000000217	259.98679121211597
0.11160000000000217	259.99989126744299
0.11170000000000217	259.98679187239219
0.11180000000000218	301.49122010046983
0.11190000000000218	298.69357152035406
0.11200000000000218	295.46862127036422
0.11210000000000218	291.82095233198879
0.11220000000000219	287.75574828272454
0.11230000000000219	283.27878603966229
0.11240000000000219	278.39642765017885
0.1125000000000022	273.11561125113087
0.1126000000000022	267.44384120939213
0.1127000000000022	261.3891774577495
0.1128000000000022	254.96022404130213
0.11290000000000221	248.16611689065888
0.11300000000000221	241.01651083928601
0.11310000000000221	233.5215659034713
0.11320000000000222	225.69193284439348
0.11330000000000222	217.53873803281897
0.11340000000000222	209.07356763792257
0.11350000000000222	259.98678923088806
0.11360000000000223	259.98678923088801
0.11370000000000223	259.9998932485712
0.11380000000000223	259.98678989136397
0.11390000000000224	259.99989258812855
0.11400000000000224	259.9867905517732
0.11410000000000224	259.99989192775257
0.11420000000000224	259.98679121211592
0.11430000000000225	259.99989126744316
0.11440000000000225	259.98679187239202
0.11450000000000225	259.99989060720026
0.11460000000000226	300.90666233420876
0.11470000000000226	298.0136930101894
0.11480000000000226	294.69438815304028
0.11490000000000226	290.95346482298044
0.11500000000000227	286.79623911509839
0.11510000000000227	282.22861871232624
0.11520000000000227	277.25709449030524
0.11530000000000228	271.88873129351168
0.11540000000000228	266.13115789573192
0.11550000000000228	259.99255615916809
0.11560000000000228	253.48164940757331
0.11570000000000229	246.60769002994192
0.11580000000000229	239.38044633236154
0.11590000000000229	231.81018865673306
0.1160000000000023	223.90767478605582
0.1161000000000023	215.68413465703955
0.1162000000000023	207.15125440175763
0.1163000000000023	259.98678923088801
0.11640000000000231	259.98678923088801
0.11650000000000231	259.99989324857125
0.11660000000000231	259.98678989136386
0.11670000000000232	259.99989258812866
0.11680000000000232	259.98679055177308
0.11690000000000232	259.99989192775263
0.11700000000000232	259.9867912121158
0.11710000000000233	259.99989126744333
0.11720000000000233	259.98679187239196
0.11730000000000233	302.85934157022882
0.11740000000000234	300.30084001413013
0.11750000000000234	297.31275273554184
0.11760000000000234	293.89932610748377
0.11770000000000234	290.06541083490799
0.11780000000000235	285.81645515951431
0.11790000000000235	281.15849711750968
0.11800000000000235	276.09815595924113
0.11810000000000236	270.64262274288001
0.11820000000000236	264.79965011555652
0.11830000000000236	258.57754129642518
0.11840000000000236	251.98513827734809
0.11850000000000237	245.03180925794845
0.11860000000000237	237.72743533289699
0.11870000000000237	230.08239645034237
0.11880000000000238	222.10755666144789
0.11890000000000238	213.8142486819871
0.11900000000000238	205.21425778794412
0.11910000000000238	259.98678923088801
0.11920000000000239	259.98678923088801
0.11930000000000239	259.9998932485712
0.11940000000000239	259.98678989136386
0.1195000000000024	259.99989258812855
0.1196000000000024	259.98679055177331
0.1197000000000024	259.99989192775251
0.1198000000000024	259.98679121211592
0.11990000000000241	259.99989126744322
0.12000000000000241	259.98679187239202
0.12010000000000241	302.32810709861712
0.12020000000000242	299.67380603405314
0.12030000000000242	296.59081032001956
0.12040000000000242	293.08350120884705
0.12050000000000242	289.1568628193063
0.12060000000000243	284.81647515936743
0.12070000000000243	280.06850619671138
0.12080000000000243	274.91970309372101
0.12090000000000244	269.37738261940456
0.12100000000000244	263.44942075187765
0.12110000000000244	257.14424148617263
0.12120000000000244	250.47080486329688
0.12130000000000245	243.43859423752966
0.12140000000000245	236.05760280006717
0.12150000000000245	228.33831937815975
0.12160000000000246	220.29171352992574
0.12170000000000246	211.92921995601174
0.12180000000000246	203.26272225027446
0.12190000000000246	259.98678923088801
0.12200000000000247	259.98678923088801
0.12210000000000247	259.9998932485712
0.12220000000000247	259.98678989136397
0.12230000000000248	259.99989258812855
0.12240000000000248	259.9867905517732
0.12250000000000248	259.99989192775251
0.12260000000000248	259.98679121211592
0.12270000000000249	259.99989126744299
0.12280000000000249	259.98679187239213
0.12290000000000249	301.77551409035266
0.1230000000000025	299.02560004447736
0.1231000000000025	295.84791249380032
0.1232000000000025	292.24696725559977
0.1233000000000025	288.22788151052873
0.12340000000000251	283.79636663913226
0.12350000000000251	278.95872010566961
0.12360000000000251	273.72181650908914
0.12370000000000252	268.09309781385355
0.12380000000000252	262.08056277451141
0.12390000000000252	255.69275556903966
0.12400000000000252	248.93875365710994
0.12410000000000253	241.82815488052546
0.12420000000000253	234.37106382418028
0.12430000000000253	226.5780774568953
0.12440000000000254	218.46027007255543
0.12450000000000254	210.02917755294288
0.12460000000000254	201.29678097462099
0.12470000000000254	259.98678923088801
0.12480000000000255	259.98678923088801
0.12490000000000255	259.99989324857108
0.12500000000000255	259.98678989136397
0.12510000000000254	259.99989258812849
0.12520000000000253	259.9867905517732
0.12530000000000252	259.99989192775251
0.12540000000000251	259.98679121211597
0.1255000000000025	259.9998912674431
0.12560000000000249	259.98679187239213
0.12570000000000248	301.20160107305185
0.12580000000000247	298.3562670466431
0.12590000000000245	295.08411068268799
0.12600000000000244	291.38978204647213
0.12610000000000243	287.27853102138482
0.12620000000000242	282.75619995970294
0.12630000000000241	277.82921538029291
0.1264000000000024	272.50457883618009
0.12650000000000239	266.78985696498353
0.12660000000000238	260.69317073630219
0.12670000000000237	254.22318391140044
0.12680000000000236	247.38909073152098
0.12690000000000234	240.20060285239208
0.12700000000000233	232.66793554342448
0.12710000000000232	224.80179317128275
0.12720000000000231	216.61335398838389
0.1273000000000023	208.11425424801462
0.12740000000000229	259.98678923088801
0.12750000000000228	259.98678923088806
0.12760000000000227	259.9998932485712
0.12770000000000226	259.98678989136397
0.12780000000000225	259.99989258812855
0.12790000000000223	259.98679055177331
0.12800000000000222	259.99989192775246
0.12810000000000221	259.98679121211603
0.1282000000000022	259.99989126744299
0.12830000000000219	259.98679187239219
0.12840000000000218	303.1169371661357
0.12850000000000217	300.60640276730089
0.12860000000000216	297.66584843519217
0.12870000000000215	294.29945300111171
0.12880000000000214	290.512000338056
0.12890000000000212	286.30887266372741
0.12900000000000211	281.6960428921185
0.1291000000000021	276.68006614568486
0.12920000000000209	271.26807044016749
0.12930000000000208	265.46774655530271
0.12940000000000207	259.28733710581173
0.12950000000000206	252.73562482820881
0.12960000000000205	245.82192010005446
0.12970000000000204	238.55604770941358
0.12980000000000202	230.94833289330211
0.12990000000000201	223.00958666496959
0.130000000000002	214.75109045086623
0.13010000000000199	206.18458005912794
0.13020000000000198	259.98678923088801
0.13030000000000197	259.98678923088801
0.13040000000000196	259.99989324857114
0.13050000000000195	259.98678989136397
0.13060000000000194	259.99989258812838
0.13070000000000193	259.98679055177331
0.13080000000000191	259.99989192775251
0.1309000000000019	259.98679121211603
0.13100000000000189	259.99989126744299
0.13110000000000188	259.98679187239225
0.13120000000000187	302.5963966749988
0.13130000000000186	299.98997261497379
0.13140000000000185	296.95440459612212
0.13150000000000184	293.49400646547406
0.13160000000000183	289.61369567697307
0.13170000000000182	285.3189864028007
0.1318000000000018	280.61598169744741
0.13190000000000179	275.51136482495031
0.13200000000000178	270.01238976161613
0.13210000000000177	264.12687088773566
0.13220000000000176	257.86317188292992
0.13230000000000175	251.23019384091307
0.13240000000000174	244.23736262056144
0.13250000000000173	236.89461545125801
0.13260000000000172	229.21238681156132
0.13270000000000171	221.20159360124154
0.13280000000000169	212.87361962777959
0.13290000000000168	204.24029942936528
0.13300000000000167	259.98678923088801
0.13310000000000166	259.98678923088795
0.13320000000000165	259.9998932485712
0.13330000000000164	259.9867898913638
0.13340000000000163	259.99989258812872
0.13350000000000162	259.98679055177308
0.13360000000000161	259.99989192775263
0.1337000000000016	259.9867912121158
0.13380000000000158	259.99989126744333
0.13390000000000157	304.32452614747331
0.13400000000000156	302.05447286025856
0.13410000000000155	299.3523418176344
0.13420000000000154	296.22197302539337
0.13430000000000153	292.66781494833219
0.13440000000000152	288.69491827838419
0.13450000000000151	284.30892875730518
0.1346000000000015	279.51607915379054
0.13470000000000149	274.32318040636392
0.13480000000000147	268.73761194468483
0.13490000000000146	262.76731120297927
0.13500000000000145	256.42076234051331
0.13510000000000144	249.70698418516355
0.13520000000000143	242.63551741716043
0.13530000000000142	235.21641101128699
0.13540000000000141	227.46020795672524
0.1355000000000014	219.37793027492012
0.13560000000000139	210.98106335667273
0.13570000000000138	202.28153964079658
0.13580000000000136	259.98678923088801
0.13590000000000135	259.98678923088801
0.13600000000000134	259.9998932485712
0.13610000000000133	259.98678989136397
0.13620000000000132	259.99989258812855
0.13630000000000131	259.9867905517732
0.1364000000000013	259.99989192775251
0.13650000000000129	259.98679121211592
0.13660000000000128	259.9998912674431
0.13670000000000126	303.85758573761723
0.13680000000000125	301.4912144522653
0.13690000000000124	298.69356585490476
0.13700000000000123	295.46861569590271
0.13710000000000122	291.82094684705299
0.13720000000000121	287.75574288587762
0.1373000000000012	283.27878072948948
0.13740000000000119	278.39642242528845
0.13750000000000118	273.11560611015312
0.13760000000000117	267.44383615097968
0.13770000000000115	261.38917248057538
0.13780000000000114	254.96021914406151
0.13790000000000113	248.1661120720693
0.13800000000000112	241.01650609808451
0.13810000000000111	233.52156123841505
0.1382000000000011	225.69192825425986
0.13830000000000109	217.53873351640331
0.13840000000000108	209.07356319404235
0.13850000000000107	200.30844679021538
0.13860000000000106	259.98678923088801
0.13870000000000104	259.98678923088801
0.13880000000000103	259.99989324857114
0.13890000000000102	259.98678989136386
0.13900000000000101	259.99989258812855
0.139100000000001	259.98679055177325
0.13920000000000099	259.99989192775251
0.13930000000000098	259.98679121211592
0.13940000000000097	259.99989126744316
0.13950000000000096	303.36917945522191
0.13960000000000095	300.90665650074624
0.13970000000000093	298.01368693171719
0.13980000000000092	294.69438195753469
0.13990000000000091	290.95345853316405
0.1400000000000009	286.79623275580423
0.14010000000000089	282.2286123104281
0.14020000000000088	277.2570880746506
0.14030000000000087	271.88872489484817
0.14040000000000086	266.13115154663382
0.14050000000000085	259.99254989396059
0.14060000000000084	253.48164326225452
0.14070000000000082	246.60768404210086
0.14080000000000081	239.38044054110179
0.1409000000000008	231.81018310258372
0.14100000000000079	223.90766951088787
0.14110000000000078	215.68412970398302
0.14120000000000077	207.15124981510871
0.14130000000000076	198.32115556615835
0.14140000000000075	259.98678923088801
0.14150000000000074	259.98678923088795
0.14160000000000073	259.9998932485712
0.14170000000000071	259.98678989136386
0.1418000000000007	259.99989258812866
0.14190000000000069	259.98679055177314
0.14200000000000068	259.99989192775257
0.14210000000000067	259.9867912121158
0.14220000000000066	259.9998912674431
0.14230000000000065	302.85934131486692
0.14240000000000064	300.30083952194718
0.14250000000000063	297.31275202212652
0.14260000000000062	293.8993251952902
0.1427000000000006	290.06540974852351
0.14280000000000059	285.81645392560142
0.14290000000000058	281.15849576473204
0.14300000000000057	276.09815451819924
0.14310000000000056	270.64262124603738
0.14320000000000055	264.7996485971658
0.14330000000000054	258.57753979245473
0.14340000000000053	251.98513682539621
0.14350000000000052	245.03180789717334
0.14360000000000051	237.72743410392468
0.14370000000000049	230.08239539519397
0.14380000000000048	222.10755582344373
0.14390000000000047	213.81424810567069
0.14400000000000046	205.21425751898414
0.14410000000000045	259.98678923088801
0.14420000000000044	259.98678923088801
0.14430000000000043	259.9998932485712
0.14440000000000042	259.98678989136386
0.14450000000000041	259.99989258812855
0.14460000000000039	259.98679055177308
0.14470000000000038	259.99989192775251
0.14480000000000037	259.98679121211592
0.14490000000000036	259.99989126744305
0.14500000000000035	259.98679187239213
0.14510000000000034	302.32810709862758
0.14520000000000033	299.67380603406536
0.14530000000000032	296.59081032003417
0.14540000000000031	293.08350120886359
0.1455000000000003	289.15686281932545
0.14560000000000028	284.81647515938943
0.14570000000000027	280.06850619673617
0.14580000000000026	274.91970309374881
0.14590000000000025	269.37738261943548
0.14600000000000024	263.44942075191057
0.14610000000000023	257.14424148620878
0.14620000000000022	250.47080486333633
0.14630000000000021	243.43859423757124
0.1464000000000002	236.05760280011205
0.14650000000000019	228.33831937820821
0.14660000000000017	220.29171352997619
0.14670000000000016	211.92921995606559
0.14680000000000015	203.2627222503319
0.14690000000000014	259.98678923088801
0.14700000000000013	259.98678923088801
0.14710000000000012	259.99989324857125
0.14720000000000011	259.98678989136386
0.1473000000000001	259.99989258812866
0.14740000000000009	259.98679055177308
0.14750000000000008	259.99989192775263
0.14760000000000006	259.9867912121158
0.14770000000000005	259.99989126744322
0.14780000000000004	304.09374142358388
0.14790000000000003	301.77550892097042
0.14800000000000002	299.02559509011269
0.14810000000000001	295.84790784005946
0.1482	292.24696287764294
0.14829999999999999	288.22787738142966
0.14839999999999998	283.79636272994389
0.14849999999999997	278.95871638549676
0.14859999999999995	273.7218129451532
0.14869999999999994	268.09309437156674
0.14879999999999993	262.08055941755174
0.14889999999999992	255.69275225942738
0.14899999999999991	248.93875035528475
0.1490999999999999	241.82815154543107
0.14919999999999989	234.37106041334357
0.14929999999999988	226.57807392650938
0.14939999999999987	218.46026637756592
0.14949999999999986	210.0291736471367
0.14959999999999984	201.29677681071283
0.14969999999999983	259.98678923088801
0.14979999999999982	259.98678923088801
0.14989999999999981	259.9998932485712
0.1499999999999998	259.9867898913638
0.15009999999999979	259.99989258812866
0.15019999999999978	259.98679055177331
0.15029999999999977	259.99989192775257
0.15039999999999976	259.98679121211592
0.15049999999999975	305.59622960888578
0.15059999999999973	303.6160584249792
0.15069999999999972	301.20159036207485
0.15079999999999971	298.35625663322662
0.1508999999999997	295.08410065333885
0.15099999999999969	291.38977237445482
0.15109999999999968	287.27852167791605
0.15119999999999967	282.75619091401899
0.15129999999999966	277.82920659971001
0.15139999999999965	272.50457028617899
0.15149999999999963	266.78984860926511
0.15159999999999962	260.69316253687754
0.15169999999999961	254.22317582865884
0.1517999999999996	247.3890827243107
0.15189999999999959	240.20059487810124
0.15199999999999958	232.66792755806316
0.15209999999999957	224.80178512956684
0.15219999999999956	216.61334584382058
0.15229999999999955	208.11424595299201
0.15239999999999954	199.31656317444566
0.15249999999999952	259.98678923088789
0.15259999999999951	259.98678923088789
0.1526999999999995	259.9998932485712
0.15279999999999949	259.98678989136386
0.15289999999999948	259.99989258812855
0.15299999999999947	259.98679055177325
0.15309999999999946	259.99989192775251
0.15319999999999945	259.98679121211592
0.15329999999999944	259.99989126744322
0.15339999999999943	303.11693716616151
0.15349999999999941	300.60640276733159
0.1535999999999994	297.66584843522696
0.15369999999999939	294.29945300115111
0.15379999999999938	290.51200033810005
0.15389999999999937	286.30887266377607
0.15399999999999936	281.69604289217165
0.15409999999999935	276.68006614574239
0.15419999999999934	271.26807044022939
0.15429999999999933	265.46774655536876
0.15439999999999932	259.28733710588324
0.1544999999999993	252.73562482828436
0.15459999999999929	245.82192010013401
0.15469999999999928	238.55604770949566
0.15479999999999927	230.94833289338789
0.15489999999999926	223.00958666505895
0.15499999999999925	214.75109045095894
0.15509999999999924	206.184580059224
0.15519999999999923	259.98678923088801
0.15529999999999922	259.98678923088801
0.15539999999999921	259.99989324857125
0.15549999999999919	259.98678989136386
0.15559999999999918	259.99989258812872
0.15569999999999917	259.98679055177308
0.15579999999999916	259.99989192775263
0.15589999999999915	259.9867912121158
0.15599999999999914	259.99989126744327
0.15609999999999913	304.76996712266111
0.15619999999999912	302.5963906629317
0.15629999999999911	299.98996635795197
0.1563999999999991	296.95439821243326
0.15649999999999908	293.49399997633145
0.15659999999999907	289.61368910574225
0.15669999999999906	285.31897977493429
0.15679999999999905	280.61597504041873
0.15689999999999904	275.51135816818328
0.15699999999999903	270.01238313641153
0.15709999999999902	264.12686432719698
0.15719999999999901	257.86316542188661
0.157299999999999	251.23018751584203
0.15739999999999899	244.23735646950624
0.15749999999999897	236.89460951374787
0.15759999999999896	229.21238112852407
0.15769999999999895	221.2015882149195
0.15779999999999894	212.87361458164344
0.15789999999999893	204.24029476802733
0.15799999999999892	195.3138972264955
0.15809999999999891	259.98678923088806
0.1581999999999989	259.98678923088801
0.15829999999999889	259.9998932485712
0.15839999999999888	259.98678989136374
0.15849999999999886	259.99989258812866
0.15859999999999885	259.98679055177308
0.15869999999999884	259.99989192775274
0.15879999999999883	259.98679121211575
0.15889999999999882	304.32452588394153
0.15899999999999881	302.05447235014833
0.1590999999999988	299.35234107538616
0.15919999999999879	296.22197207195478
0.15929999999999878	292.66781380682983
0.15939999999999876	288.69491697406067
0.15949999999999875	284.30892731745337
0.15959999999999874	279.51607760768582
0.15969999999999873	274.32317878519359
0.15979999999999872	268.73761028147817
0.15989999999999871	262.7673095325232
0.1599999999999987	256.4207606992893
0.16009999999999869	249.7069826112602
0.16019999999999868	242.63551595019462
0.16029999999999867	235.21640969232146
0.16039999999999865	227.46020682818499
0.16049999999999864	219.37792938050666
0.16059999999999863	210.98106274127699
0.16069999999999862	202.28153935041379
0.16079999999999861	259.98678923088801
0.1608999999999986	259.98678923088801
0.16099999999999859	259.99989324857125
0.16109999999999858	259.9867898913638
0.16119999999999857	259.99989258812866
0.16129999999999856	259.9867905517732
0.16139999999999854	259.99989192775263
0.16149999999999853	259.98679121211592
0.16159999999999852	259.9998912674431
0.16169999999999851	303.85758573764099
0.1617999999999985	301.49121445229434
0.16189999999999849	298.69356585493847
0.16199999999999848	295.46861569594125
0.16209999999999847	291.82094684709557
0.16219999999999846	287.75574288592475
0.16229999999999845	283.27878072954115
0.16239999999999843	278.39642242534455
0.16249999999999842	273.11560611021355
0.16259999999999841	267.44383615104448
0.1626999999999984	261.38917248064433
0.16279999999999839	254.96021914413578
0.16289999999999838	248.1661120721476
0.16299999999999837	241.01650609816676
0.16309999999999836	233.52156123849971
0.16319999999999835	225.69192825434814
0.16329999999999834	217.53873351649506
0.16339999999999832	209.07356319413753
0.16349999999999831	200.30844679031378
0.1635999999999983	259.98678923088801
0.16369999999999829	259.98678923088801
0.16379999999999828	259.9998932485712
0.16389999999999827	259.98678989136386
0.16399999999999826	259.99989258812855
0.16409999999999825	259.9867905517732
0.16419999999999824	259.99989192775251
0.16429999999999823	259.98679121211592
0.16439999999999821	259.9998912674431
0.1644999999999982	303.36917971347577
0.16459999999999819	300.90665699920669
0.16469999999999818	298.01368765517446
0.16479999999999817	294.69438288403467
0.16489999999999816	290.95345963860245
0.16499999999999815	286.79623401398948
0.16509999999999814	282.22861369314785
0.16519999999999813	277.25708955174184
0.16529999999999812	271.88872643426959
0.1653999999999981	266.13115311453726
0.16549999999999809	259.99255145476752
0.16559999999999808	253.48164477873377
0.16569999999999807	246.60768547544825
0.16579999999999806	239.38044185102146
0.16589999999999805	231.81018424737135
0.16599999999999804	223.90767044751721
0.16609999999999803	215.68413038818579
0.16619999999999802	207.15125020147053
0.166299999999998	198.32115560819909
0.16639999999999799	259.98678923088801
0.16649999999999798	259.98678923088801
0.16659999999999797	259.9998932485712
0.16669999999999796	259.98678989136397
0.16679999999999795	259.99989258812855
0.16689999999999794	259.9867905517732
0.16699999999999793	259.99989192775251
0.16709999999999792	259.98679121211592
0.16719999999999791	304.98461609042636
0.16729999999999789	302.85933604917773
0.16739999999999788	300.30083448540825
0.16749999999999787	297.3127472956196
0.16759999999999786	293.89932075493698
0.16769999999999785	290.0654055683317
0.16779999999999784	285.81644997752983
0.16789999999999783	281.15849201875665
0.16799999999999782	276.09815094238297
0.16809999999999781	270.64261780660138
0.1681999999999978	264.79964525856553
0.16829999999999778	258.57753651744639
0.16839999999999777	251.98513357512843
0.16849999999999776	245.03180463125776
0.16859999999999775	237.7274307805196
0.16869999999999774	230.08239197108753
0.16879999999999773	222.1075522541388
0.16889999999999772	213.8142443454708
0.16899999999999771	205.21425352108113
0.1690999999999977	196.31980086967323
0.16919999999999769	259.98678923088801
0.16929999999999767	259.98678923088806
0.16939999999999766	259.99989324857108
0.16949999999999765	259.98678989136397
0.16959999999999764	259.9998925881286
0.16969999999999763	259.98679055177325
0.16979999999999762	259.99989192775251
0.16989999999999761	259.98679121211603
0.1699999999999976	304.54993585607053
0.17009999999999759	302.32810136693178
0.17019999999999758	299.67380029067317
0.17029999999999756	296.59080466888901
0.17039999999999755	293.08349564848515
0.17049999999999754	289.15685734825462
0.17059999999999753	284.81646977619329
0.17069999999999752	280.06850090000188
0.17079999999999751	274.91969788208951
0.1708999999999975	269.37737749148266
0.17099999999999749	263.44941570631994
0.17109999999999748	257.14423652165965
0.17119999999999747	250.47079997852467
0.17129999999999745	243.43858943122035
0.17139999999999744	236.05759807095779
0.17149999999999743	228.33831472501339
0.17159999999999742	220.29170895151796
0.17169999999999741	211.92921545114672
0.1717999999999974	203.26271781776779
0.17189999999999739	259.98678923088801
0.17199999999999738	259.98678923088801
0.17209999999999737	259.9998932485712
0.17219999999999736	259.98678989136391
0.17229999999999734	259.99989258812843
0.17239999999999733	259.9867905517732
0.17249999999999732	259.99989192775251
0.17259999999999731	259.98679121211592
0.1726999999999973	305.97699232514827
0.17279999999999729	304.09373525871206
0.17289999999999728	301.77550251205156
0.17299999999999727	299.02558854558055
0.17309999999999726	295.84790117959182
0.17319999999999725	292.24695612311348
0.17329999999999723	288.22787055684773
0.17339999999999722	283.79635586138232
0.17349999999999721	278.95870950102801
0.1735999999999972	273.72180607477412
0.17369999999999719	268.09308754713152
0.17379999999999718	262.08055267268884
0.17389999999999717	255.69274562947052
0.17399999999999716	248.93874387718449
0.17409999999999715	241.82814525768364
0.17419999999999713	234.37105435589672
0.17429999999999712	226.57806814068749
0.17439999999999711	218.460260905984
0.1744999999999971	210.02916853360023
0.17459999999999709	201.29677210014688
0.17469999999999708	192.27548085124971
0.17479999999999707	259.98678923088801
0.17489999999999706	259.98678923088789
0.17499999999999705	259.99989324857131
0.17509999999999704	259.98678989136386
0.17519999999999702	259.99989258812855
0.17529999999999701	259.98679055177308
0.175399999999997	259.99989192775263
0.17549999999999699	305.59622933829883
0.17559999999999698	303.61605789916575
0.17569999999999697	301.20158959430705
0.17579999999999696	298.35625564291638
0.17589999999999695	295.08409946212402
0.17599999999999694	291.38977100612601
0.17609999999999693	287.27852015836561
0.17619999999999691	282.75618927116091
0.1762999999999969	277.82920486342391
0.17639999999999689	272.50456848823092
0.17649999999999688	266.78984678323701
0.17659999999999687	260.6931607180934
0.17669999999999686	254.22317405409814
0.17679999999999685	247.38908103254556
0.17689999999999684	240.2005933091958
0.17699999999999683	232.66792615351039
0.17709999999999682	224.80178393218358
0.1771999999999968	216.61334489768288
0.17729999999999679	208.11424530332553
0.17739999999999678	199.31656286755637
0.17749999999999677	259.98678923088806
0.17759999999999676	259.98678923088806
0.17769999999999675	259.99989324857108
0.17779999999999674	259.98678989136397
0.17789999999999673	259.99989258812855
0.17799999999999672	259.98679055177325
0.17809999999999671	259.99989192775251
0.17819999999999669	259.98679121211603
0.17829999999999668	259.99989126744305
0.17839999999999667	303.11693716618686
0.17849999999999666	300.60640276736109
0.17859999999999665	297.66584843526238
0.17869999999999664	294.29945300119061
0.17879999999999663	290.51200033814496
0.17889999999999662	286.30887266382473
0.17899999999999661	281.69604289222571
0.1790999999999966	276.68006614579997
0.17919999999999658	271.26807044029238
0.17929999999999657	265.46774655543493
0.17939999999999656	259.28733710595469
0.17949999999999655	252.73562482835871
0.17959999999999654	245.82192010021097
0.17969999999999653	238.55604770957916
0.17979999999999652	230.94833289347378
0.17989999999999651	223.0095866651499
0.1799999999999965	214.75109045105194
0.18009999999999649	206.18458005932195
0.18019999999999647	259.98678923088801
0.18029999999999646	259.98678923088801
0.18039999999999645	259.99989324857108
0.18049999999999644	259.98678989136397
0.18059999999999643	259.99989258812843
0.18069999999999642	259.98679055177331
0.18079999999999641	259.99989192775251
0.1808999999999964	259.98679121211592
0.18099999999999639	259.9998912674431
0.18109999999999637	304.7699673887239
0.18119999999999636	302.59639117859103
0.18129999999999635	299.98996710915486
0.18139999999999634	296.95439917874063
0.18149999999999633	293.49400113510956
0.18159999999999632	289.61369043222743
0.18169999999999631	285.31898124229997
0.1817999999999963	280.61597661983728
0.18189999999999629	275.51135982890105
0.18199999999999628	270.01238484581597
0.18209999999999626	264.12686605089777
0.18219999999999625	257.86316712378374
0.18229999999999624	251.23018915821336
0.18239999999999623	244.23735801307751
0.18249999999999622	236.89461091778603
0.18259999999999621	229.21238235090857
0.1826999999999962	221.20158921223768
0.18279999999999619	212.87361530927743
0.18289999999999618	204.24029518022849
0.18299999999999617	195.31389727649244
0.18309999999999615	259.98678923088795
0.18319999999999614	259.98678923088801
0.18329999999999613	259.9998932485712
0.18339999999999612	259.98678989136397
0.18349999999999611	259.99989258812855
0.1835999999999961	259.9867905517732
0.18369999999999609	259.99989192775246
0.18379999999999608	259.98679121211603
0.18389999999999607	304.3245261475198
0.18399999999999606	302.05447286031347
0.18409999999999604	299.35234181770028
0.18419999999999603	296.22197302546715
0.18429999999999602	292.66781494841695
0.18439999999999601	288.69491827847645
0.184499999999996	284.30892875740841
0.18459999999999599	279.51607915390071
0.18469999999999598	274.32318040648283
0.18479999999999597	268.73761194481455
0.18489999999999596	262.76731120311518
0.18499999999999595	256.42076234065979
0.18509999999999593	249.70698418531569
0.18519999999999592	242.63551741732294
0.18529999999999591	235.21641101145448
0.1853999999999959	227.46020795690279
0.18549999999999589	219.37793027510205
0.18559999999999588	210.9810633568643
0.18569999999999587	202.28153964099477
0.18579999999999586	259.98678923088801
0.18589999999999585	259.98678923088801
0.18599999999999584	259.9998932485712
0.18609999999999582	259.98678989136391
0.18619999999999581	259.99989258812855
0.1862999999999958	259.9867905517732
0.18639999999999579	259.99989192775251
0.18649999999999578	259.98679121211592
0.18659999999999577	305.78931105749155
0.18669999999999576	303.85757985739804
0.18679999999999575	301.49120857124831
0.18689999999999574	298.69356006835034
0.18699999999999573	295.46861000229489
0.18709999999999571	291.82094124489782
0.1871999999999957	287.75573737370769
0.18729999999999569	283.27877530585806
0.18739999999999568	278.39641708877525
0.18749999999999567	273.11560085935713
0.18759999999999566	267.44383098452619
0.18769999999999565	261.38916739710749
0.18779999999999564	254.96021414225004
0.18789999999999563	248.16610715059909
0.18799999999999562	241.01650125566496
0.1880999999999956	233.52155647377924
0.18819999999999559	225.69192356615551
0.18829999999999558	217.53872890360412
0.18839999999999557	209.07355865533566
0.18849999999999556	200.30844232441427
0.18859999999999555	259.98678923088801
0.18869999999999554	259.98678923088801
0.18879999999999553	259.99989324857114
0.18889999999999552	259.98678989136386
0.1889999999999955	259.99989258812855
0.18909999999999549	259.9867905517732
0.18919999999999548	259.99989192775257
0.18929999999999547	259.98679121211592
0.18939999999999546	305.39775055538939
0.18949999999999545	303.36917362177007
0.18959999999999544	300.90665066289296
0.18969999999999543	298.01368118763355
0.18979999999999542	294.69437630571531
0.18989999999999541	290.95345297212691
0.18999999999999539	286.79622728409072
0.19009999999999538	282.22860692660481
0.19019999999999537	277.2570827773045
0.19029999999999536	271.88871968259218
0.19039999999999535	266.13114641809926
0.19049999999999534	259.99254484780505
0.19059999999999533	253.48163829715236
0.19069999999999532	246.60767915675297
0.19079999999999531	239.38043573422425
0.1908999999999953	231.81017837291927
0.19099999999999528	223.90766485719473
0.19109999999999527	215.68412512503909
0.19119999999999526	207.15124530971701
0.19129999999999525	198.32115113313341
0.19139999999999524	259.98678923088801
0.19149999999999523	259.98678923088795
0.19159999999999522	259.9998932485712
0.19169999999999521	259.98678989136386
0.1917999999999952	259.99989258812855
0.19189999999999519	259.9867905517732
0.19199999999999517	259.99989192775251
0.19209999999999516	259.98679121211592
0.19219999999999515	304.9846158232242
0.19229999999999514	302.85933553093474
0.19239999999999513	300.30083372998035
0.19249999999999512	297.31274632319401
0.19259999999999511	293.89931958789492
0.1926999999999951	290.06540423119861
0.19279999999999509	285.8164484968969
0.19289999999999508	281.15849042322827
0.19299999999999506	276.09814926249175
0.19309999999999505	270.64261607475237
0.19319999999999504	264.79964350894534
0.19329999999999503	258.57753478596237
0.19339999999999502	251.98513189932385
0.19349999999999501	245.03180305022454
0.193599999999995	237.72742933483352
0.19369999999999499	230.08239070270469
0.19379999999999498	222.10755120633129
0.19389999999999497	213.81424356271896
0.19399999999999495	205.21425304900748
0.19409999999999494	196.31980075493095
0.19419999999999493	259.98678923088801
0.19429999999999492	259.98678923088795
0.19439999999999491	259.99989324857125
0.1944999999999949	259.98678989136386
0.19459999999999489	259.99989258812849
0.19469999999999488	259.98679055177314
0.19479999999999487	259.99989192775263
0.19489999999999486	259.9867912121158
0.19499999999999484	304.54993585609276
0.19509999999999483	302.32810136695969
0.19519999999999482	299.67380029070489
0.19529999999999481	296.59080466892544
0.1953999999999948	293.08349564852614
0.19549999999999479	289.15685734830026
0.19559999999999478	284.81646977624348
0.19569999999999477	280.06850090005645
0.19579999999999476	274.91969788214851
0.19589999999999475	269.37737749154604
0.19599999999999473	263.44941570638974
0.19609999999999472	257.14423652173133
0.19619999999999471	250.47079997860294
0.1962999999999947	243.43858943129993
0.19639999999999469	236.05759807104113
0.19649999999999468	228.33831472510047
0.19659999999999467	220.29170895160865
0.19669999999999466	211.92921545124074
0.19679999999999465	203.26271781786517
0.19689999999999463	259.98678923088801
0.19699999999999462	259.98678923088801
0.19709999999999461	259.9998932485712
0.1971999999999946	259.98678989136386
0.19729999999999459	259.99989258812872
0.19739999999999458	259.98679055177308
0.19749999999999457	259.99989192775263
0.19759999999999456	259.9867912121158
0.19769999999999455	305.97699259787873
0.19779999999999454	304.09373578931343
0.19789999999999452	301.7755032876488
0.19799999999999451	299.02558954727624
0.1980999999999945	295.84790238625442
0.19819999999999449	292.24695751144014
0.19829999999999448	288.22787210142133
0.19839999999999447	283.79635753474616
0.19849999999999446	278.95871127374846
0.19859999999999445	273.72180791551216
0.19869999999999444	268.09308942271639
0.19879999999999443	262.08055454819214
0.19889999999999441	255.69274746828427
0.1989999999999944	248.93874564109927
0.19909999999999439	241.82814690697006
0.19919999999999438	234.37105584938746
0.19929999999999437	226.57806943586496
0.19939999999999436	218.46026195905381
0.19949999999999435	210.02916929959642
0.19959999999999434	201.29677253300835
0.19969999999999433	192.27548090391238
0.19979999999999432	259.98678923088801
0.1998999999999943	259.98678923088806
0.19999999999999429	259.99989324857108
