0.00050000000000000001	155.56349186102807	-311.12698372209331	155.56349186106522
0.001	203.29678162129659	-305.61606946789584	102.31928784659927
0.0015	243.82818154051904	-289.2785535901599	45.450372049640862
0.002	275.72184656992636	-262.69320073380254	-13.028645836123857
0.0025000000000000001	297.84792772550031	-226.80181027769163	-71.046117447808669
0.0030000000000000001	309.42259755150991	-182.8758526221232	-126.54674492938669
0.0035000000000000001	310.03581759890255	-132.47142671600804	-177.56439088289454
0.0040000000000000001	299.66586424178308	-77.374134475825173	-222.29172976595788
0.0045000000000000005	278.68009824769115	-19.535824947531836	-259.14427330015928
0.005000000000000001	247.82195083926635	38.994550918969296	-286.81650175823563
0.0055000000000000014	208.1845872725541	96.143525378720042	-304.32811265127413
0.0060000000000000019	161.17218091282047	149.88656752028396	-311.05874843310443
0.0065000000000000023	108.45016969304761	198.31980328259866	-306.76997297564628
0.0070000000000000027	51.886257144866128	239.72746114275137	-291.61371828761747
0.0075000000000000032	-6.5157519301832991	272.64265417756394	-266.1269022473806
0.0080000000000000036	-64.686937244725925	295.89934526415112	-231.2124080194252
0.0085000000000000041	-120.56655555817834	308.67365452631873	-188.10709896814035
0.0090000000000000045	-172.17504353341502	310.51304568991674	-138.33800215650172
0.009500000000000005	-217.68414475488194	301.35235740595988	-83.668212651077937
0.010000000000000005	-255.48167662358165	281.51611162390083	-26.034435000319164
0.010500000000000006	-284.22864272938466	251.70701723978323	32.521625489601433
0.011000000000000006	-302.90666746640494	212.98107628326855	89.92559118313639
0.011500000000000007	-310.8540724965419	166.71017451927383	144.1438979772681
0.012000000000000007	-307.78931703448291	114.53348171080519	193.25583532367773
0.012500000000000008	-293.82097157038265	58.299383212908658	235.52158835747397
0.013000000000000008	-269.44387170612242	-3.2855496101547033e-011	269.44387170615528
0.013500000000000009	-235.52158835741693	-58.299383212973481	293.82097157039038
0.014000000000000009	-193.25583532359866	-114.53348171086657	307.78931703446523
0.014500000000000009	-144.14389797716981	-166.71017451932957	310.85407249649938
0.01500000000000001	-89.925591183022334	-212.98107628331664	302.90666746633894
0.01550000000000001	-32.521625489475809	-251.70701723982194	284.22864272929775
0.016000000000000011	26.034435000452305	-281.51611162392896	255.48167662347669
0.016500000000000011	83.66821265121348	-301.35235740597625	217.6841447547628
0.017000000000000012	138.33800215663484	-310.51304568992089	172.17504353328604
0.017500000000000012	188.10709896826665	-308.67365452631043	120.56655555804377
0.018000000000000013	231.21240801954002	-295.89934526413072	64.686937244590666
0.018500000000000013	266.12690224747985	-272.64265417753222	6.5157519300523319
0.019000000000000013	291.61371828769779	-239.7274611427093	-51.886257144988463
0.019500000000000014	306.7699729757046	-198.31980328254775	-108.45016969315684
0.020000000000000014	311.05874843313882	-149.88656752022624	-161.17218091291255
0.020500000000000015	304.32811265128333	-96.143525378657245	-208.18458727262609
0.021000000000000015	286.81650175821937	-38.994550918903855	-247.82195083931555
0.021500000000000016	259.14427330011802	19.53582494759786	-278.68009824771588
0.022000000000000016	222.29172976589342	77.374134475888866	-299.66586424178229
0.022500000000000017	177.56439088280871	132.47142671606778	-310.03581759887652
0.023000000000000017	126.5467449292825	182.87585262217681	-309.42259755145932
0.023500000000000017	71.04611744769025	226.80181027773679	-297.84792772542704
0.024000000000000018	13.028645835995036	262.69320073383795	-275.72184656983302
0.024500000000000018	-45.450372049775652	289.27855359018434	-243.82818154040871
0.025000000000000019	-102.31928784673461	305.61606946790823	-203.29678162117358
0.025500000000000019	-155.56349186119692	311.12698372209331	-155.56349186089636
0.02600000000000002	-203.29678162144435	305.61606946785923	-102.31928784641488
0.02650000000000002	-243.8281815406404	289.27855359008799	-45.450372049447566
0.027000000000000021	-275.72184657001674	262.69320073369795	13.028645836318802
0.027500000000000021	-297.84792772555676	226.80181027755793	71.046117447998796
0.028000000000000021	-309.42259755153032	182.87585262196501	126.54674492956534
0.028500000000000022	-310.03581759888624	132.47142671583137	177.56439088305487
0.029000000000000022	-299.6658642417305	77.374134475635827	222.29172976609468
0.029500000000000023	-278.68009824760412	19.535824947336565	259.14427330026757
0.030000000000000023	-247.82195083914826	-38.994550919163061	286.81650175831135
0.030500000000000024	-208.18458727240881	-96.143525378906006	304.32811265131477
0.031000000000000024	-161.17218091265309	-149.8865675204554	311.05874843310846
0.031500000000000021	-108.45016969286458	-198.31980328274906	306.76997297561365
0.032000000000000021	-51.886257144673884	-239.72746114287565	291.61371828754955
0.032500000000000022	6.5157519303783857	-272.64265417765796	266.12690224727953
0.033000000000000022	64.686937244916905	-295.89934526421143	231.21240801929457
0.033500000000000023	120.56655555835806	-308.67365452634317	188.10709896798508
0.034000000000000023	172.17504353357756	-310.51304568990452	138.33800215632695
0.034500000000000024	217.68414475502141	-301.35235740591128	83.668212650889856
0.035000000000000024	255.48167662369286	-281.51611162381789	26.034435000125001
0.035500000000000025	284.22864272946401	-251.70701723966855	-32.521625489795483
0.036000000000000025	302.90666746644956	-212.98107628312621	-89.92559118332332
0.036500000000000025	310.85407249655009	-166.71017451910919	-144.14389797744093
0.037000000000000026	307.78931703445448	-114.5334817106239	-193.25583532383055
0.037500000000000026	293.82097157031842	-58.299383212716862	-235.52158835760159
0.038000000000000027	269.44387170602494	2.2784263364883373e-010	-269.44387170625276
0.038500000000000027	235.52158835728955	58.299383213165001	-293.8209715704545
0.039000000000000028	193.25583532344564	114.53348171104813	-307.78931703449376
0.039500000000000028	144.14389797699727	166.71017451949396	-310.8540724964912
0.040000000000000029	89.925591182835674	212.98107628345878	-302.90666746629449
0.040500000000000029	32.521625489281618	251.7070172399367	-284.22864272921834
0.041000000000000029	-26.034435000646326	281.5161116240119	-255.48167662336556
0.04150000000000003	-83.668212651401277	301.35235740602479	-217.6841447546235
0.04200000000000003	-138.33800215680978	310.51304568993316	-172.17504353312339
0.042500000000000031	-188.10709896842218	308.67365452628599	-120.56655555786378
0.043000000000000031	-231.21240801967085	295.89934526407029	-64.686937244399431
0.043500000000000032	-266.12690224758069	272.64265417743837	-6.5157519298576858
0.044000000000000032	-291.61371828776566	239.72746114258521	51.886257145180437
0.044500000000000033	-306.76997297573712	198.31980328239754	108.45016969333957
0.045000000000000033	-311.05874843313472	149.88656752005514	161.17218091307959
0.045500000000000033	-304.3281126512428	96.143525378471566	208.18458727277121
0.046000000000000034	-286.8165017581436	38.994550918709862	247.82195083943375
0.046500000000000034	-259.14427330001041	-19.535824947791895	278.68009824780233
0.047000000000000035	-222.291729765757	-77.374134476077728	299.6658642418347
0.047500000000000035	-177.56439088264858	-132.4714267162442	310.03581759889278
0.048000000000000036	-126.54674492910438	-182.87585262233455	309.42259755143891
0.048500000000000036	-71.046117447500222	-226.80181027787035	297.84792772537054
0.049000000000000037	-13.028645835799381	-262.693200733943	275.72184656974241
0.049500000000000037	45.450372049968252	-289.27855359025619	243.82818154028794
0.050000000000000037	102.31928784691854	-305.61606946794456	203.29678162102601
0.050500000000000038	155.56349186136592	-311.12698372209343	155.56349186072751
0.051000000000000038	203.29678162159183	-305.61606946782263	102.31928784623076
0.051500000000000039	243.82818154076159	-289.27855359001626	45.450372049254668
0.052000000000000039	275.72184657010735	-262.69320073359324	-13.028645836514144
0.05250000000000004	297.8479277256132	-226.80181027742404	-71.04611744818915
0.05300000000000004	309.42259755155055	-182.87585262180758	-126.54674492974296
0.053500000000000041	310.03581759887015	-132.47142671565516	-177.56439088321497
0.054000000000000041	299.66586424167781	-77.374134475446738	-222.2917297662311
0.054500000000000041	278.68009824751766	-19.535824947142217	-259.14427330037546
0.055000000000000042	247.82195083902974	38.994550919357351	-286.81650175838706
0.055500000000000042	208.18458727226377	96.143525379091642	-304.32811265135541
0.056000000000000043	161.17218091248708	149.88656752062548	-311.05874843311256
0.056500000000000043	108.4501696926815	198.31980328289964	-306.76997297558114
0.057000000000000044	51.886257144481391	239.72746114300003	-291.61371828748139
0.057500000000000044	-6.5157519305741545	272.64265417775238	-266.12690224717824
0.058000000000000045	-64.686937245107941	295.89934526427163	-231.21240801916372
0.058500000000000045	-120.56655555853905	308.67365452636795	-188.10709896782888
0.059000000000000045	-172.17504353374011	310.51304568989241	-138.3380021561523
0.059500000000000046	-217.68414475516064	301.35235740586273	-83.668212650702088
0.060000000000000046	-255.4816766238045	281.51611162373467	-26.034434999930156
0.060500000000000047	-284.22864272954359	251.70701723955366	32.521625489989916
0.061000000000000047	-302.90666746649407	212.98107628298357	89.925591183510491
0.061500000000000048	-310.8540724965585	166.7101745189438	144.14389797761467
0.062000000000000048	-307.78931703442618	114.5334817104428	193.25583532398338
0.062500000000000042	-293.82097157025407	58.299383212525086	235.521588357729
0.063000000000000042	-269.44387170592745	-4.2253134324710118e-010	269.44387170634997
0.063500000000000043	-235.52158835716278	-58.299383213355689	293.82097157051851
0.064000000000000043	-193.25583532329296	-114.5334817112292	307.78931703452213
0.064500000000000043	-144.14389797682477	-166.71017451965827	310.85407249648301
0.065000000000000044	-89.925591182648716	-212.98107628360123	302.90666746624993
0.065500000000000044	-32.521625489087995	-251.70701724005102	284.22864272913898
0.066000000000000045	26.034435000839807	-281.51611162409438	255.4816766232546
0.066500000000000045	83.66821265158876	-301.35235740607334	217.68414475448458
0.067000000000000046	138.33800215698375	-310.51304568994516	172.17504353296141
0.067500000000000046	188.10709896857719	-308.67365452626171	120.56655555768452
0.068000000000000047	231.21240801980088	-295.89934526401015	64.686937244209261
0.068500000000000047	266.12690224768198	-272.64265417734418	6.5157519296622013
0.069000000000000047	291.61371828783336	-239.72746114246121	-51.886257145372134
0.069500000000000048	306.76997297576963	-198.31980328224785	-108.45016969352179
0.070000000000000048	311.05874843313046	-149.88656751988458	-161.17218091324588
0.070500000000000049	304.32811265120256	-96.143525378286853	-208.18458727291568
0.071000000000000049	286.816501758068	-38.994550918516708	-247.82195083955131
0.07150000000000005	259.14427329990247	19.535824947986754	-278.68009824788925
0.07200000000000005	222.29172976561986	77.374134476267443	-299.66586424188733
0.072500000000000051	177.56439088248862	132.47142671642044	-310.03581759890903
0.073000000000000051	126.5467449289271	182.87585262249155	-309.42259755141868
0.073500000000000051	71.046117447310309	226.80181027800404	-297.84792772531438
0.074000000000000052	13.028645835605701	262.69320073404663	-275.72184656965231
0.074500000000000052	-45.450372050161675	289.27855359032816	-243.8281815401665
0.075000000000000053	-102.3192878471032	305.61606946798116	-203.29678162087797
0.075500000000000053	-155.563491861534	311.12698372209309	-155.56349186055911
0.076000000000000054	-203.29678162173923	305.61606946778636	-102.31928784604713
0.076500000000000054	-243.82818154088227	289.27855358994458	-45.450372049062338
0.077000000000000055	-275.72184657019744	262.69320073348899	13.028645836708407
0.077500000000000055	-297.84792772566954	226.80181027729108	71.046117448378439
0.078000000000000055	-309.42259755157102	182.87585262164939	126.5467449299216
0.078500000000000056	-310.0358175988535	132.47142671547886	177.56439088337464
0.079000000000000056	-299.66586424162602	77.37413447525887	222.29172976636715
0.079500000000000057	-278.68009824743069	19.535824946947656	259.14427330048306
0.080000000000000057	-247.82195083891278	-38.994550919549638	286.81650175846244
0.080500000000000058	-208.18458727211868	-96.143525379277179	304.32811265139583
0.081000000000000058	-161.17218091231985	-149.88656752079683	311.05874843311665
0.081500000000000059	-108.45016969249991	-198.3198032830488	306.76997297554874
0.082000000000000059	-51.886257144289083	-239.72746114312451	291.61371828741358
0.082500000000000059	6.5157519307679905	-272.64265417784554	266.12690224707751
0.08300000000000006	64.686937245298594	-295.89934526433223	231.21240801903363
0.08350000000000006	120.56655555871787	-308.67365452639189	188.10709896767403
0.084000000000000061	172.17504353390297	-310.51304568988013	138.33800215597716
0.084500000000000061	217.68414475530034	-301.35235740581408	83.668212650513738
0.085000000000000062	255.48167662391538	-281.5161116236518	26.034434999736419
0.085500000000000062	284.22864272962306	-251.7070172394387	-32.521625490184391
0.086000000000000063	302.90666746653864	-212.98107628284203	-89.925591183696611
0.086500000000000063	310.85407249656657	-166.71017451878058	-144.14389797778603
0.087000000000000063	307.78931703439764	-114.53348171026101	-193.2558353241366
0.087500000000000064	293.82097157019064	-58.299383212334583	-235.52158835785602
0.088000000000000064	269.44387170582968	6.1862692746217363e-010	-269.44387170644831
0.088500000000000065	235.52158835703503	58.299383213547749	-293.8209715705828
0.089000000000000065	193.25583532313948	114.5334817114114	-307.78931703455089
0.089500000000000066	144.14389797665152	166.71017451982334	-310.85407249647483
0.090000000000000066	89.925591182463194	212.98107628374237	-302.90666746620559
0.090500000000000067	32.521625488893534	251.70701724016595	-284.22864272905946
0.091000000000000067	-26.034435001034652	281.51611162417765	-255.48167662314302
0.091500000000000067	-83.668212651777736	301.35235740612183	-217.68414475434409
0.092000000000000068	-138.33800215715888	310.51304568995749	-172.17504353279858
0.092500000000000068	-188.10709896873178	308.6736545262371	-120.5665555575053
0.093000000000000069	-231.21240801993173	295.89934526394973	-64.686937244017997
0.093500000000000069	-266.12690224778271	272.64265417725051	-6.515751929467811
0.09400000000000007	-291.61371828790197	239.72746114233595	51.886257145566042
0.09450000000000007	-306.76997297580226	198.31980328209718	108.45016969370508
0.09500000000000007	-311.05874843312671	149.8865675197126	161.17218091341411
0.095500000000000071	-304.32811265116186	96.14352537810089	208.184587273061
0.096000000000000071	-286.81650175799319	38.994550918324322	247.82195083966886
0.096500000000000072	-259.14427329979429	-19.535824948181371	278.68009824797565
0.097000000000000072	-222.29172976548446	-77.374134476454657	299.66586424193912
0.097500000000000073	-177.56439088232779	-132.4714267165981	310.03581759892586
0.098000000000000073	-126.54674492874842	-182.87585262264997	309.42259755139844
0.098500000000000074	-71.046117447121617	-226.80181027813668	297.84792772525827
0.099000000000000074	-13.02864583541033	-262.69320073415133	275.72184656956171
0.099500000000000074	45.450372050353522	-289.27855359039938	243.82818154004582
0.10000000000000007	102.31928784728784	-305.6160694680176	203.29678162072975
0.10050000000000008	155.56349186170334	-311.1269837220928	155.56349186038946
0.10100000000000008	203.29678162188787	-305.61606946774975	102.31928784586187
0.10150000000000008	243.82818154100369	-289.27855358987313	45.450372048869411
0.10200000000000008	275.72184657028754	-262.69320073338542	-13.028645836902101
0.10250000000000008	297.84792772572604	-226.80181027715662	-71.046117448569419
0.10300000000000008	309.42259755159159	-182.87585262149173	-126.54674493009983
0.10350000000000008	310.03581759883741	-132.47142671530193	-177.56439088353545
0.10400000000000008	299.66586424157344	-77.374134475070093	-222.29172976650335
0.10450000000000008	278.68009824734384	-19.535824946751362	-259.14427330059243
0.10500000000000008	247.82195083879455	38.994550919744157	-286.81650175853872
0.10550000000000008	208.18458727197481	96.143525379461892	-304.3281126514367
0.10600000000000008	161.17218091215258	149.88656752096784	-311.0587484331204
0.10650000000000008	108.45016969231665	198.31980328319924	-306.76997297551588
0.10700000000000008	51.886257144095801	239.72746114324937	-291.61371828734519
0.10750000000000008	-6.515751930963475	272.64265417793968	-266.12690224697621
0.10800000000000008	-64.686937245488281	295.89934526439168	-231.21240801890337
0.10850000000000008	-120.56655555889813	308.67365452641661	-188.10709896751851
0.10900000000000008	-172.17504353406463	310.51304568986802	-138.33800215580337
0.10950000000000008	-217.68414475544006	301.35235740576502	-83.668212650324961
0.11000000000000008	-255.48167662402699	281.51611162356801	-26.034434999541034
0.11050000000000008	-284.22864272970264	251.70701723932436	32.521625490378256
0.11100000000000008	-302.90666746658326	212.98107628270012	89.925591183883171
0.11150000000000009	-310.85407249657476	166.71017451861613	144.14389797795866
0.11200000000000009	-307.78931703436905	114.53348171007858	193.25583532429047
0.11250000000000009	-293.82097157012635	58.299383212141919	235.5215883579844
0.11300000000000009	-269.44387170573191	-8.1359985415474512e-010	269.44387170654551
0.11350000000000009	-235.52158835690724	-58.29938321373934	293.82097157064658
0.11400000000000009	-193.25583532298626	-114.53348171159359	307.78931703457988
0.11450000000000009	-144.14389797647823	-166.71017451998875	310.85407249646698
0.11500000000000009	-89.925591182276008	-212.98107628388507	302.90666746616108
0.11550000000000009	-32.521625488699087	-251.70701724028081	284.22864272897988
0.11600000000000009	26.034435001229497	-281.51611162426093	255.48167662303143
0.11650000000000009	83.66821265196603	-301.35235740617026	217.68414475420423
0.11700000000000009	138.33800215733402	-310.51304568996943	172.17504353263541
0.11750000000000009	188.10709896888756	-308.6736545262122	120.56655555732465
0.11800000000000009	231.21240802006255	-295.89934526388976	64.686937243827217
0.11850000000000009	266.126902247884	-272.64265417715688	6.5157519292728807
0.11900000000000009	291.61371828797019	-239.72746114221076	-51.886257145759416
0.11950000000000009	306.76997297583489	-198.31980328194589	-108.45016969388897
0.12000000000000009	311.05874843312262	-149.8865675195419	-161.17218091358072
0.12050000000000009	304.32811265112127	-96.143525377915566	-208.18458727320569
0.12100000000000009	286.81650175791742	-38.994550918130926	-247.82195083978647
0.12150000000000009	259.14427329968606	19.535824948377595	-278.6800982480637
0.12200000000000009	222.29172976534767	77.374134476644969	-299.66586424199261
0.12250000000000009	177.56439088216723	132.47142671677429	-310.03581759894155
0.1230000000000001	126.54674492856981	182.87585262280766	-309.42259755137746
0.1235000000000001	71.046117446931248	226.80181027827024	-297.84792772520149
0.1240000000000001	13.028645835214974	262.69320073425615	-275.72184656947115
0.1245000000000001	-45.450372050546946	289.27855359047112	-243.82818153992417
0.12500000000000008	-102.31928784747251	305.61606946805466	-203.29678162058215
0.12550000000000008	-155.56349186187074	311.1269837220928	-155.56349186022206
0.12600000000000008	-203.29678162203422	305.61606946771349	-102.3192878456793
0.12650000000000008	-243.8281815411238	289.27855358980196	-45.450372048678148
0.12700000000000009	-275.72184657037815	262.69320073327953	13.028645837098608
0.12750000000000009	-297.84792772578191	226.80181027702429	71.046117448757627
0.12800000000000009	-309.42259755161194	182.87585262133479	126.54674493027717
0.12850000000000009	-310.03581759882121	132.47142671512702	177.56439088369419
0.12900000000000009	-299.66586424152143	77.374134474882851	222.29172976663858
0.12950000000000009	-278.68009824725789	19.535824946558421	259.14427330069941
0.13000000000000009	-247.82195083867768	-38.994550919935946	286.81650175861364
0.13050000000000009	-208.18458727182951	-96.143525379646974	304.32811265147649
0.13100000000000009	-161.17218091198723	-149.88656752113724	311.05874843312449
0.13150000000000009	-108.45016969213546	-198.31980328334819	306.76997297548365
0.13200000000000009	-51.886257143905169	-239.72746114337261	291.61371828727778
0.13250000000000009	6.5157519311567569	-272.64265417803284	266.12690224687606
0.13300000000000009	64.686937245679559	-295.89934526445234	231.21240801877281
0.13350000000000009	120.56655555907636	-308.67365452644088	188.10709896736452
0.13400000000000009	172.17504353422748	-310.51304568985501	138.33800215562752
0.13450000000000009	217.68414475557819	-301.35235740571693	83.66821265013877
0.13500000000000009	255.48167662413732	-281.5161116234857	26.034434999348392
0.13550000000000009	284.22864272978126	-251.70701723921076	-32.521625490570528
0.13600000000000009	302.90666746662748	-212.9810762825592	-89.925591184068253
0.13650000000000009	310.85407249658294	-166.71017451844978	-144.1438979781332
0.13700000000000009	307.7893170343408	-114.53348170989884	-193.25583532444199
0.13750000000000009	293.82097157006274	-58.299383211952019	-235.52158835811071
0.13800000000000009	269.44387170563527	1.0069243217003532e-009	-269.4438717066422
0.1385000000000001	235.52158835678097	58.299383213929246	-293.82097157071019
0.1390000000000001	193.25583532283477	114.53348171177335	-307.78931703460813
0.1395000000000001	144.1438979763069	166.71017452015195	-310.85407249645891
0.1400000000000001	89.925591182088823	212.98107628402724	-302.90666746611606
0.1405000000000001	32.5216254885068	251.70701724039446	-284.22864272890126
0.1410000000000001	-26.034435001422153	281.5161116243433	-255.48167662292113
0.1415000000000001	-83.668212652152249	301.35235740621835	-217.6841447540661
0.1420000000000001	-138.33800215750716	310.5130456899816	-172.17504353247443
0.1425000000000001	-188.10709896904328	308.67365452618844	-120.56655555714518
0.1430000000000001	-231.21240802019193	295.89934526383001	-64.686937243638113
0.1435000000000001	-266.1269022479853	272.64265417706156	-6.5157519290762878
0.1440000000000001	-291.61371828803755	239.72746114208752	51.886257145950033
0.1445000000000001	-306.76997297586706	198.31980328179694	108.45016969407015
0.1450000000000001	-311.05874843311858	149.88656751937248	161.17218091374608
0.1455000000000001	-304.32811265108103	96.143525377731692	208.18458727334936
0.1460000000000001	-286.81650175784165	38.994550917935769	247.82195083990587
0.1465000000000001	-259.14427329957914	-19.535824948570522	278.68009824814965
0.1470000000000001	-222.29172976521241	-77.374134476832211	299.66586424204462
0.1475000000000001	-177.5643908820085	-132.4714267169492	310.03581759895769
0.1480000000000001	-126.5467449283932	-182.87585262296406	309.42259755135728
0.1485000000000001	-71.04611744674088	-226.80181027840439	297.84792772514527
0.1490000000000001	-13.028645835021834	-262.69320073435978	275.72184656938163
0.14950000000000011	45.450372050740398	-289.27855359054331	243.82818153980293
0.15000000000000011	102.31928784765508	-305.61606946809093	203.29678162043581
0.15050000000000011	155.56349186204011	-311.12698372209343	155.56349186005335
0.15100000000000011	203.29678162218221	-305.61606946767603	102.3192878454938
0.15150000000000011	243.82818154124527	-289.27855358972897	45.450372048483715
0.15200000000000011	275.7218465704687	-262.69320073317584	-13.028645837292828
0.15250000000000011	297.84792772583842	-226.80181027689164	-71.046117448946774
0.15300000000000011	309.42259755163218	-182.87585262117841	-126.5467449304538
0.15350000000000011	310.0358175988049	-132.47142671494882	-177.56439088385605
0.15400000000000011	299.66586424146885	-77.374134474692255	-222.29172976677663
0.15450000000000011	278.68009824717092	-19.535824946364414	-259.1442733008065
0.15500000000000011	247.82195083855947	38.994550920128916	-286.81650175868839
0.15550000000000011	208.18458727168422	96.143525379833804	-304.32811265151804
0.15600000000000011	161.17218091181999	149.88656752130925	-311.05874843312927
0.15650000000000011	108.45016969195218	198.31980328349931	-306.76997297545148
0.15700000000000011	51.886257143712392	239.72746114349704	-291.61371828720939
0.15750000000000011	-6.5157519313522414	272.64265417812709	-266.12690224677482
0.15800000000000011	-64.686937245870809	295.89934526451248	-231.2124080186417
0.15850000000000011	-120.56655555925661	308.67365452646487	-188.10709896720826
0.15900000000000011	-172.17504353439034	310.51304568984347	-138.3380021554531
0.15950000000000011	-217.68414475571788	301.35235740566924	-83.668212649951357
0.16000000000000011	-255.48167662424891	281.5161116234035	-26.034434999154612
0.16050000000000011	-284.22864272986078	251.70701723909463	32.521625490766155
0.16100000000000012	-302.9066674666721	212.98107628241542	89.925591184256689
0.16150000000000012	-310.85407249659113	166.71017451828592	144.1438979783052
0.16200000000000012	-307.78931703431226	114.5334817097183	193.25583532459396
0.16250000000000012	-293.82097156999839	58.299383211761146	235.52158835823727
0.16300000000000012	-269.4438717055375	-1.2035599183946033e-009	269.44387170674105
0.16350000000000012	-235.52158835665321	-58.299383214122265	293.82097157077544
0.16400000000000012	-193.25583532268152	-114.53348171195435	307.78931703463587
0.16450000000000012	-144.14389797613364	-166.71017452031649	310.85407249645016
0.16500000000000012	-89.925591181901638	-212.98107628417014	302.90666746607178
0.16550000000000012	-32.521625488312338	-251.70701724050951	284.22864272882185
0.16600000000000012	26.034435001616984	-281.5161116244264	255.48167662280943
0.16650000000000012	83.668212652340571	-301.35235740626729	217.68414475392672
0.16700000000000012	138.3380021576823	-310.51304568999444	172.17504353231209
0.16750000000000012	188.10709896919903	-308.6736545261632	120.56655555696415
0.16800000000000012	231.21240802032275	-295.89934526376868	64.686937243445911
0.16850000000000012	266.12690224808659	-272.64265417696851	6.5157519288818975
0.16900000000000012	291.6137182881057	-239.72746114196408	-51.886257146141624
0.16950000000000012	306.76997297589969	-198.31980328164752	-108.4501696942522
0.17000000000000012	311.05874843311449	-149.88656751919987	-161.17218091391459
0.17050000000000012	304.32811265103993	-96.143525377543625	-208.18458727349631
0.17100000000000012	286.81650175776588	-38.99455091774297	-247.82195084002291
0.17150000000000012	259.14427329947091	19.535824948764599	-278.68009824823548
0.17200000000000013	222.29172976507559	77.374134477020704	-299.66586424209629
0.17250000000000013	177.56439088184973	132.47142671712413	-310.03581759897384
0.17300000000000013	126.54674492821255	182.87585262312402	-309.42259755133659
0.17350000000000013	71.046117446550525	226.80181027853794	-297.84792772508848
0.17400000000000013	13.028645834826449	262.69320073446448	-275.72184656929096
0.17450000000000013	-45.450372050931648	289.27855359061448	-243.82818153968282
0.17500000000000013	-102.31928784783764	305.61606946812708	-203.29678162028947
0.17550000000000013	-155.56349186221135	311.12698372209343	-155.56349185988211
0.17600000000000013	-203.29678162233023	305.61606946764022	-102.31928784530999
0.17650000000000013	-243.82818154136672	289.27855358965797	-45.450372048291271
0.17700000000000013	-275.72184657055828	262.69320073307227	13.028645837485982
0.17750000000000013	-297.8479277258956	226.80181027675627	71.046117449139288
0.17800000000000013	-309.42259755165287	182.87585262101842	126.54674493063445
0.17850000000000013	-310.03581759878853	132.47142671477317	177.56439088401532
0.17900000000000013	-299.66586424141633	77.374134474504075	222.29172976691223
0.17950000000000013	-278.68009824708497	19.535824946171488	259.14427330091348
0.18000000000000013	-247.82195083843993	-38.994550920325082	286.81650175876501
0.18050000000000013	-208.1845872715389	-96.143525380018929	304.32811265155783
0.18100000000000013	-161.17218091165273	-149.88656752147992	311.05874843313268
0.18150000000000013	-108.45016969176891	-198.31980328364952	306.76997297541845
0.18200000000000013	-51.886257143521782	-239.72746114362027	291.61371828714204
0.18250000000000013	6.5157519315499428	-272.64265417822236	266.12690224667239
0.18300000000000013	64.686937246062058	-295.89934526457318	231.21240801851113
0.18350000000000014	120.56655555943685	-308.67365452648988	188.10709896705305
0.18400000000000014	172.17504353455135	-310.5130456898313	138.33800215527992
0.18450000000000014	217.68414475585601	-301.35235740562115	83.668212649765138
0.18500000000000014	255.48167662436174	-281.51611162331932	26.034434998957565
0.18550000000000014	284.2286427299403	-251.70701723898088	-32.521625490959437
0.18600000000000014	302.90666746671673	-212.98107628227413	-89.925591184442624
0.18650000000000014	310.8540724965992	-166.7101745181227	-144.14389797847653
0.18700000000000014	307.78931703428339	-114.53348170953446	-193.25583532474889
0.18750000000000014	293.82097156993336	-58.299383211566905	-235.52158835836647
0.18800000000000014	269.44387170543973	1.3979928326079971e-009	-269.44387170683774
0.18850000000000014	235.5215883565254	58.29938321431338	-293.82097157083876
0.18900000000000014	193.25583532253	114.53348171213409	-307.78931703466412
0.18950000000000014	144.1438979759584	166.71017452048341	-310.8540724964418
0.19000000000000014	89.925591181714452	212.98107628431231	-302.90666746602676
0.19050000000000014	32.521625488117891	251.70701724062431	-284.22864272874222
0.19100000000000014	-26.034435001811858	281.51611162450979	-255.48167662269796
0.19150000000000014	-83.668212652526762	301.35235740631538	-217.68414475378859
0.19200000000000014	-138.33800215785942	310.51304569000683	-172.17504353214741
0.19250000000000014	-188.10709896935478	308.67365452613944	-120.56655555678466
0.19300000000000014	-231.21240802045361	295.89934526370922	-64.686937243255613
0.19350000000000014	-266.12690224818675	272.64265417687534	-6.5157519286886156
0.19400000000000014	-291.61371828817312	239.72746114184085	51.886257146332234
0.19450000000000014	-306.76997297593272	198.31980328149518	108.45016969443752
0.19500000000000015	-311.0587484331104	149.8865675190298	161.17218091408057
0.19550000000000015	-304.32811265099974	96.143525377359765	208.18458727363998
0.19600000000000015	-286.81650175769096	38.994550917551152	247.82195084013978
0.19650000000000015	-259.14427329936393	-19.535824948957526	278.68009824832143
0.19700000000000015	-222.29172976493723	-77.374134477212237	299.6658642421495
0.19750000000000015	-177.56439088168736	-132.47142671730302	310.03581759899038
0.19800000000000015	-126.54674492803595	-182.87585262328045	309.42259755131636
0.19850000000000015	-71.046117446362317	-226.80181027867025	297.8479277250326
0.19900000000000015	-13.028645834628904	-262.6932007345705	275.72184656919939
0.19950000000000015	45.45037205112726	-289.27855359068724	243.82818153955998
0.20000000000000015	102.3192878480244	-305.61606946816414	203.29678162013977
0.20050000000000015	155.56349186237875	-311.12698372209343	155.5634918597147
0.20100000000000015	203.2967816224766	-305.61606946760401	102.31928784512741
0.20150000000000015	243.82818154148953	-289.27855358958516	45.450372048095659
0.20200000000000015	275.72184657064986	-262.69320073296632	-13.028645837683541
0.20250000000000015	297.84792772595142	-226.80181027662394	-71.046117449327511
0.20300000000000015	309.42259755167311	-182.87585262086202	-126.54674493081107
0.20350000000000015	310.03581759877233	-132.47142671459824	-177.56439088417409
0.20400000000000015	299.66586424136312	-77.374134474312541	-222.29172976705058
0.20450000000000015	278.68009824699703	-19.535824945974127	-259.14427330102291
0.20500000000000015	247.821950838323	38.994550920516886	-286.81650175883988
0.20550000000000015	208.18458727139523	96.143525380202789	-304.32811265159802
0.20600000000000016	161.17218091148735	149.88656752164934	-311.05874843313666
0.20650000000000016	108.45016969158358	198.31980328380189	-306.76997297538549
0.20700000000000016	51.886257143326816	239.72746114374632	-291.61371828707314
0.20750000000000016	-6.5157519317432246	272.64265417831547	-266.12690224657223
0.20800000000000016	-64.686937246251148	295.89934526463293	-231.21240801838178
0.20850000000000016	-120.56655555961915	308.67365452651467	-188.10709896689551
0.20900000000000016	-172.17504353471605	310.51304568981885	-138.3380021551028
0.20950000000000016	-217.68414475599729	301.35235740557198	-83.668212649574713
0.21000000000000016	-255.48167662447207	281.51611162323695	-26.034434998764908
0.21050000000000016	-284.22864273001892	251.70701723886725	32.521625491151696
0.21100000000000016	-302.90666746676186	212.98107628212998	89.925591184631912
0.21150000000000016	-310.8540724966075	166.71017451795575	144.14389797865178
0.21200000000000016	-307.78931703425508	114.53348170935469	193.25583532490043
0.21250000000000016	-293.82097156986981	58.299383211377027	235.52158835849281
0.21300000000000016	-269.44387170534304	-1.5913173001536052e-009	269.44387170693437
0.21350000000000016	-235.52158835639619	-58.299383214507628	293.82097157090379
0.21400000000000016	-193.25583532237505	-114.53348171231795	307.789317034693
0.21450000000000016	-144.14389797578707	-166.71017452064666	310.85407249643373
0.21500000000000016	-89.925591181529398	-212.98107628445322	302.90666746598265
0.21550000000000016	-32.521625487925618	-251.70701724073797	284.22864272866354
0.21600000000000016	26.034435002008863	-281.51611162459398	255.4816766225851
0.21650000000000016	83.668212652717216	-301.35235740636455	217.68414475364733
0.21700000000000016	138.33800215803262	-310.513045690019	172.17504353198638
0.21750000000000017	188.10709896950877	-308.67365452611523	120.56655555660646
0.21800000000000017	231.21240802058594	-295.89934526364812	64.686937243062147
0.21850000000000017	266.12690224828918	-272.64265417678007	6.5157519284909142
0.21900000000000017	291.61371828824201	-239.7274611417148	-51.886257146527207
0.21950000000000017	306.76997297596495	-198.31980328134622	-108.45016969461871
0.22000000000000017	311.0587484331063	-149.88656751886037	-161.17218091424593
0.22050000000000017	304.32811265095864	-96.143525377171727	-208.18458727378692
0.22100000000000017	286.81650175761433	-38.994550917354971	-247.82195084025932
0.22150000000000017	259.14427329925451	19.535824949154915	-278.68009824840942
0.22200000000000017	222.29172976480197	77.37413447739948	-299.66586424220145
0.22250000000000017	177.56439088152862	132.47142671747798	-310.03581759900658
0.22300000000000017	126.5467449278553	182.87585262344044	-309.42259755129572
0.22350000000000017	71.046117446169788	226.80181027880562	-297.84792772497542
0.22400000000000017	13.028645834435736	262.69320073467406	-275.7218465691098
0.22450000000000017	-45.450372051318496	289.27855359075841	-243.82818153943992
0.22500000000000017	-102.31928784820695	305.61606946820041	-203.29678161999345
0.22550000000000017	-155.56349186255002	311.12698372209343	-155.56349185954343
0.22600000000000017	-203.29678162262627	305.61606946756694	-102.31928784494066
0.22650000000000017	-243.82818154160961	289.27855358951405	-45.450372047904423
0.22700000000000017	-275.72184657073944	262.69320073286275	13.028645837876695
0.22750000000000017	-297.84792772600861	226.8018102764886	71.046117449520011
0.22800000000000017	-309.4225975516938	182.87585262070206	126.54674493099172
0.22850000000000018	-310.03581759875578	132.47142671441932	177.56439088433643
0.22900000000000018	-299.66586424131111	77.374134474125299	222.29172976718581
0.22950000000000018	-278.68009824691109	19.535824945781201	259.14427330112989
0.23000000000000018	-247.82195083820346	-38.994550920713067	286.81650175891656
0.23050000000000018	-208.18458727124826	-96.143525380390827	304.32811265163912
0.23100000000000018	-161.17218091131821	-149.88656752182266	311.05874843314086
0.23150000000000018	-108.45016969140238	-198.31980328395085	306.7699729753532
0.23200000000000018	-51.886257143136184	-239.7274611438695	291.61371828700567
0.23250000000000018	6.5157519319409118	-272.64265417841068	266.1269022464698
0.23300000000000018	64.686937246444586	-295.89934526469403	231.21240801824945
0.23350000000000018	120.56655555979737	-308.67365452653888	188.10709896674152
0.23400000000000018	172.17504353487709	-310.51304568980675	138.33800215492965
0.23450000000000018	217.68414475613542	-301.35235740552389	83.668212649388494
0.23500000000000018	255.48167662458491	-281.51611162315277	26.03443499856786
0.23550000000000018	284.22864273009941	-251.70701723875101	-32.521625491348388
0.23600000000000018	302.90666746680608	-212.98107628198906	-89.925591184816994
0.23650000000000018	310.85407249661557	-166.7101745177925	-144.14389797882311
0.23700000000000018	307.78931703422688	-114.53348170917495	-193.25583532505192
0.23750000000000018	293.82097156980478	-58.299383211182771	-235.52158835862201
0.23800000000000018	269.44387170524419	1.7890755543703563e-009	-269.44387170703328
0.23850000000000018	235.52158835626989	58.299383214697514	-293.8209715709674
0.23900000000000018	193.25583532222353	114.53348171249772	-307.78931703472125
0.23950000000000018	144.14389797561182	166.71017452081361	-310.85407249642543
0.24000000000000019	89.925591181340081	212.98107628459738	-302.90666746593746
0.24050000000000019	32.521625487728983	251.70701724085416	-284.22864272858317
0.24100000000000019	-26.034435002201519	281.51611162467628	-255.48167662247477
0.24150000000000019	-83.668212652903435	301.35235740641264	-217.6841447535092
0.24200000000000019	-138.33800215820975	310.51304569003139	-172.17504353182167
0.24250000000000019	-188.10709896966628	308.67365452609044	-120.56655555642416
0.24300000000000019	-231.21240802071526	295.89934526358832	-64.686937242873086
0.24350000000000019	-266.12690224838929	272.64265417668696	-6.5157519282976466
0.24400000000000019	-291.61371828830943	239.72746114159156	51.886257146717831
0.24450000000000019	-306.76997297599792	198.31980328119386	108.45016969480403
0.24500000000000019	-311.05874843310221	149.88656751868712	161.17218091441507
0.24550000000000019	-304.32811265091846	96.143525376987853	208.18458727393056
0.24600000000000019	-286.81650175753941	38.994550917163181	247.82195084037625
0.24650000000000019	-259.14427329914747	-19.535824949347841	278.68009824849537
0.24700000000000019	-222.29172976466364	-77.374134477591014	299.66586424225466
0.24750000000000019	-177.56439088136625	-132.4714267176569	310.03581759902318
0.24800000000000019	-126.5467449276787	-182.87585262359681	309.42259755127554
0.24850000000000019	-71.046117445981594	-226.80181027893795	297.84792772491954
0.24900000000000019	-13.028645834238176	-262.69320073478002	275.72184656901817
0.24950000000000019	45.450372051514137	-289.27855359083122	243.82818153931709
0.25000000000000017	102.31928784839369	-305.61606946823741	203.29678161984373
0.25050000000000017	155.56349186271359	-311.12698372209343	155.56349185937984
0.25100000000000017	203.29678162277261	-305.61606946753068	102.31928784475809
0.25150000000000017	243.82818154172969	-289.27855358944288	45.450372047713188
0.25200000000000017	275.72184657082903	-262.69320073275918	-13.028645838069835
0.25250000000000017	297.84792772606318	-226.80181027635928	-71.046117449703942
0.25300000000000017	309.42259755171347	-182.87585262054921	-126.54674493116428
0.25350000000000017	310.03581759873958	-132.47142671424439	-177.5643908844952
0.25400000000000017	299.6658642412591	-77.374134473938057	-222.29172976732104
0.25450000000000017	278.68009824682508	-19.535824945588246	-259.14427330123686
0.25500000000000017	247.82195083808926	38.99455092090048	-286.81650175898972
0.25550000000000017	208.18458727110462	96.143525380574687	-304.32811265167931
0.25600000000000017	161.17218091115285	149.88656752199205	-311.0587484331449
0.25650000000000017	108.45016969122116	198.31980328409981	-306.76997297532097
0.25700000000000017	51.886257142945574	239.72746114399277	-291.61371828693837
0.25750000000000017	-6.5157519321297883	272.64265417850174	-266.12690224637197
0.25800000000000017	-64.686937246633676	295.89934526475383	-231.21240801812013
0.25850000000000017	-120.56655555997557	308.6736545265631	-188.10709896658753
0.25900000000000017	-172.1750435350381	310.51304568979458	-138.33800215475648
0.25950000000000017	-217.68414475627355	301.3523574054758	-83.668212649202275
0.26000000000000018	-255.48167662469274	281.51611162307239	-26.034434998379623
0.26050000000000018	-284.22864273017797	251.70701723863738	32.521625491540632
0.26100000000000018	-302.90666746685019	212.98107628184812	89.925591185002077
0.26150000000000018	-310.8540724966237	166.7101745176293	144.1438979789944
0.26200000000000018	-307.78931703419863	114.53348170899521	193.25583532520341
0.26250000000000018	-293.82097156974265	58.299383210997213	235.52158835874545
0.26300000000000018	-269.44387170514756	-1.9823858110612491e-009	269.44387170712992
0.26350000000000018	-235.52158835614358	-58.29938321488742	293.82097157103101
0.26400000000000018	-193.25583532207204	-114.53348171267746	307.7893170347495
0.26450000000000018	-144.14389797544445	-166.71017452097311	310.85407249641753
0.26500000000000018	-89.925591181155013	-212.98107628473832	302.90666746589329
0.26550000000000018	-32.52162548753671	-251.70701724096779	284.2286427285045
0.26600000000000018	26.034435002394176	-281.51611162475859	255.48167662236443
0.26650000000000018	83.668212653089626	-301.35235740646067	217.68414475337107
0.26700000000000018	138.33800215837891	-310.51304569004327	172.17504353166436
0.26750000000000018	188.10709896982027	-308.67365452606623	120.56655555624596
0.26800000000000018	231.21240802084461	-295.89934526352857	64.686937242683967
0.26850000000000018	266.12690224848944	-272.64265417659379	6.5157519281043506
0.26900000000000018	291.61371828837679	-239.72746114146835	-51.886257146908441
0.26950000000000018	306.76997297602941	-198.31980328104831	-108.4501696949811
0.27000000000000018	311.05874843309812	-149.88656751851769	-161.17218091458045
0.27050000000000018	304.32811265087821	-96.143525376803979	-208.18458727407426
0.27100000000000019	286.81650175746449	-38.994550916971377	-247.82195084049312
0.27150000000000019	259.14427329904055	19.535824949540782	-278.68009824858132
0.27200000000000019	222.29172976453145	77.374134477773964	-299.66586424230542
0.27250000000000019	177.56439088120749	132.47142671783183	-310.03581759903932
0.27300000000000019	126.5467449275021	182.87585262375322	-309.42259755125531
0.27350000000000019	71.046117445793357	226.80181027907031	-297.84792772486367
0.27400000000000019	13.028645834049442	262.6932007348812	-275.72184656893069
0.27450000000000019	-45.450372051700995	289.27855359090074	-243.82818153919976
0.27500000000000019	-102.31928784857625	305.61606946827362	-203.29678161969741
0.27550000000000019	-155.56349186288486	311.12698372209343	-155.5634918592086
0.27600000000000019	-203.29678162291896	305.61606946749453	-102.31928784457553
0.27650000000000019	-243.8281815418498	289.27855358937171	-45.450372047521924
0.27700000000000019	-275.72184657092066	262.69320073265322	13.028645838267423
0.27750000000000019	-297.84792772612036	226.8018102762239	71.046117449896457
0.27800000000000019	-309.42259755173416	182.87585262038925	126.54674493134492
0.27850000000000019	-310.03581759872338	132.47142671406948	177.56439088465393
0.27900000000000019	-299.66586424120715	77.3741344737508	222.29172976745633
0.27950000000000019	-278.6800982467372	19.5358249453909	259.14427330134629
0.28000000000000019	-247.82195083796972	-38.994550921096661	286.8165017590664
0.28050000000000019	-208.18458727096095	-96.143525380758561	304.32811265171949
0.28100000000000019	-161.17218091098749	-149.88656752216144	311.05874843314893
0.28150000000000019	-108.45016969103997	-198.31980328424876	306.76997297528874
0.28200000000000019	-51.886257142750608	-239.72746114411879	291.61371828686941
0.2825000000000002	6.5157519323274897	-272.64265417859696	266.12690224626948
0.2830000000000002	64.686937246822765	-295.89934526481352	231.21240801799075
0.2835000000000002	120.5665555601538	-308.67365452658737	188.10709896643357
0.2840000000000002	172.17504353519914	-310.51304568978247	138.33800215458334
0.2845000000000002	217.68414475641481	-301.35235740542669	83.668212649011835
0.2850000000000002	255.4816766248056	-281.51611162298821	26.034434998182576
0.2855000000000002	284.22864273025664	-251.70701723852375	-32.521625491732891
0.2860000000000002	302.90666746689431	-212.9810762817072	-89.92559118518713
0.2865000000000002	310.85407249663194	-166.71017451746232	-144.14389797916965
0.2870000000000002	307.78931703416981	-114.53348170881137	-193.25583532535842
0.2875000000000002	293.82097156967768	-58.299383210802986	-235.52158835887468
0.2880000000000002	269.44387170505087	2.1757102786068572e-009	-269.44387170722655
0.2885000000000002	235.52158835601725	58.299383215077327	-293.82097157109456
0.2890000000000002	193.25583532191706	114.5334817128613	-307.78931703477838
0.2895000000000002	144.14389797526917	166.71017452114009	-310.85407249640923
0.2900000000000002	89.925591180969917	212.98107628487924	-302.90666746584918
0.2905000000000002	32.521625487344437	251.70701724108142	-284.22864272842588
0.2910000000000002	-26.034435002586832	281.51611162484096	-255.4816766222541
0.2915000000000002	-83.668212653280094	301.3523574065099	-217.68414475322982
0.2920000000000002	-138.33800215855604	310.51304569005572	-172.17504353149965
0.2925000000000002	-188.10709896997426	308.67365452604201	-120.56655555606771
0.2930000000000002	-231.21240802097398	295.89934526346889	-64.686937242494892
0.29350000000000021	-266.12690224858954	272.64265417650063	-6.5157519279110829
0.29400000000000021	-291.61371828844574	239.72746114134233	51.886257147103414
0.29450000000000021	-306.76997297606238	198.31980328089594	108.45016969516645
0.29500000000000021	-311.05874843309408	149.88656751834827	161.17218091474581
0.29550000000000021	-304.32811265083808	96.143525376620147	208.1845872742179
0.29600000000000021	-286.81650175738787	38.994550916775182	247.82195084061269
0.29650000000000021	-259.14427329893107	-19.535824949738128	278.6800982486692
0.29700000000000021	-222.2917297643931	-77.374134477965498	299.66586424235857
0.29750000000000021	-177.56439088104875	-132.47142671800674	310.03581759905546
0.29800000000000021	-126.54674492732548	-182.87585262390959	309.42259755123507
0.29850000000000021	-71.046117445600842	-226.80181027920565	297.84792772480648
0.29900000000000021	-13.028645833851883	-262.69320073498716	275.72184656883906
0.29950000000000021	45.450372051896622	-289.27855359097356	243.82818153907695
0.30000000000000021	102.31928784875882	-305.61606946830989	203.29678161955104
0.30050000000000021	155.56349186305229	-311.12698372209343	155.56349185904116
0.30100000000000021	203.29678162306865	-305.61606946745746	102.31928784438881
0.30150000000000021	243.82818154197258	-289.27855358929889	45.450372047326297
0.30200000000000021	275.72184657101019	-262.6932007325496	-13.028645838460577
0.30250000000000021	297.84792772617624	-226.8018102760916	-71.046117450084665
0.30300000000000021	309.42259755175439	-182.87585262023285	-126.54674493152152
0.30350000000000021	310.0358175987069	-132.47142671389057	-177.56439088481633
0.30400000000000021	299.66586424115394	-77.374134473559266	-222.29172976759469
0.30450000000000021	278.68009824665126	-19.535824945197945	-259.14427330145327
0.30500000000000022	247.82195083785285	38.994550921288464	-286.81650175914132
0.30550000000000022	208.18458727081727	96.143525380942435	-304.32811265175974
0.30600000000000022	161.17218091081835	149.88656752233473	-311.05874843315308
0.30650000000000022	108.45016969085465	198.3198032844011	-306.76997297525577
0.30700000000000022	51.886257142560005	239.72746114424203	-291.61371828680205
0.30750000000000022	-6.5157519325207574	272.64265417869012	-266.12690224616938
0.30800000000000022	-64.686937247016189	295.89934526487463	-231.21240801785842
0.30850000000000022	-120.56655556033607	308.67365452661215	-188.10709896627606
0.30900000000000022	-172.17504353536384	310.51304568977002	-138.33800215440621
0.30950000000000022	-217.68414475655294	301.3523574053786	-83.66821264882563
0.31000000000000022	-255.48167662491591	281.51611162290584	-26.034434997989933
0.31050000000000022	-284.22864273033707	251.7070172384075	32.521625491929555
0.31100000000000022	-302.9066674669395	212.98107628156305	89.925591185376447
0.31150000000000022	-310.85407249664013	166.71017451729912	144.14389797934098
0.31200000000000022	-307.7893170341415	114.5334817086316	193.25583532550991
0.31250000000000022	-293.82097156961402	58.29938321061308	235.52158835900096
0.31300000000000022	-269.44387170495202	-2.3734401111141779e-009	269.44387170732546
0.31350000000000022	-235.52158835588807	-58.29938321527154	293.82097157115959
0.31400000000000022	-193.25583532176557	-114.53348171304104	307.78931703480657
0.31450000000000022	-144.14389797509787	-166.71017452130329	310.85407249640116
0.31500000000000022	-89.925591180784863	-212.98107628502015	302.90666746580501
0.31550000000000022	-32.521625487147801	-251.70701724119766	284.22864272834545
0.31600000000000023	26.034435002783852	-281.51611162492509	255.48167662214126
0.31650000000000023	83.668212653466298	-301.35235740655799	217.68414475309169
0.31700000000000023	138.33800215872921	-310.51304569006783	172.17504353133862
0.31750000000000023	188.10709897013174	-308.67365452601723	120.56655555588544
0.31800000000000023	231.21240802110628	-295.89934526340778	64.686937242301468
0.31850000000000023	266.12690224869203	-272.64265417640542	6.5157519277133815
0.31900000000000023	291.6137182885131	-239.72746114121907	-51.886257147294025
0.31950000000000023	306.76997297609466	-198.31980328074701	-108.45016969534764
0.32000000000000023	311.05874843308993	-149.88656751817499	-161.17218091491495
0.32050000000000023	304.32811265079692	-96.143525376432052	-208.18458727436487
0.32100000000000023	286.81650175731295	-38.994550916583378	-247.82195084072958
0.32150000000000023	259.14427329882415	19.535824949931083	-278.6800982487552
0.32200000000000023	222.29172976425781	77.374134478152754	-299.66586424241058
0.32250000000000023	177.56439088088638	132.47142671818565	-310.03581759907206
0.32300000000000023	126.54674492714483	182.87585262406961	-309.42259755121444
0.32350000000000023	71.046117445412619	226.80181027933801	-297.84792772475066
0.32400000000000023	13.028645833658715	262.69320073509078	-275.72184656874947
0.32450000000000023	-45.450372052087872	289.27855359104473	-243.82818153895687
0.32500000000000023	-102.31928784894558	305.61606946834695	-203.29678161940134
0.32550000000000023	-155.56349186322353	311.12698372209343	-155.56349185886992
0.32600000000000023	-203.29678162321503	305.61606946742126	-102.31928784420623
0.32650000000000023	-243.82818154209269	289.27855358922773	-45.450372047135062
0.32700000000000023	-275.72184657110182	262.69320073244364	13.02864583865815
0.32750000000000024	-297.84792772623337	226.8018102759562	71.046117450277194
0.32800000000000024	-309.42259755177508	182.87585262007289	126.54674493170216
0.32850000000000024	-310.0358175986907	132.47142671371563	177.56439088497507
0.32900000000000024	-299.66586424110199	77.37413447337201	222.29172976772995
0.32950000000000024	-278.68009824656332	19.535824945000599	259.14427330156269
0.33000000000000024	-247.82195083773325	-38.994550921484645	286.81650175921789
0.33050000000000024	-208.18458727067033	-96.143525381130502	304.32811265180084
0.33100000000000024	-161.172180910653	-149.88656752250412	311.05874843315712
0.33150000000000024	-108.45016969067343	-198.31980328455006	306.76997297522348
0.33200000000000024	-51.886257142365011	-239.72746114436808	291.6137182867331
0.33250000000000024	6.5157519327184588	-272.64265417878539	266.12690224606695
0.33300000000000024	64.686937247205293	-295.89934526493437	231.21240801772905
0.33350000000000024	120.5665555605143	-308.67365452663637	188.10709896612207
0.33400000000000024	172.17504353552485	-310.51304568975792	138.33800215423307
0.33450000000000024	217.68414475669422	-301.35235740532937	83.668212648635176
0.33500000000000024	255.48167662502877	-281.51611162282165	26.034434997792872
0.33550000000000024	284.22864273041569	-251.7070172382939	-32.5216254921218
0.33600000000000024	302.90666746698366	-212.98107628142213	-89.925591185561501
0.33650000000000024	310.85407249664837	-166.71017451713215	-144.14389797951623
0.33700000000000024	307.78931703411263	-114.53348170844777	-193.25583532566486
0.33750000000000024	293.82097156954904	-58.299383210418853	-235.52158835913019
0.33800000000000024	269.44387170485533	2.5667503678050707e-009	-269.44387170742209
0.33850000000000025	235.52158835576174	58.299383215461447	-293.8209715712232
0.33900000000000025	193.25583532161059	114.53348171322489	-307.78931703483545
0.33950000000000025	144.1438979749226	166.71017452147026	-310.85407249639286
0.34000000000000025	89.925591180595546	212.98107628516431	-302.90666746575982
0.34050000000000025	32.521625486951123	251.70701724131391	-284.22864272826502
0.34100000000000025	-26.034435002980914	281.51611162500933	-255.48167662202837
0.34150000000000025	-83.668212653656752	301.3523574066071	-217.68414475295037
0.34200000000000025	-138.33800215890633	310.51304569008028	-172.17504353117391
0.34250000000000025	-188.10709897028573	308.67365452599296	-120.56655555570721
0.34300000000000025	-231.21240802123566	295.89934526334804	-64.68693724211235
0.34350000000000025	-266.12690224879219	272.64265417631225	-6.5157519275200997
0.34400000000000025	-291.61371828858046	239.72746114109583	51.886257147484649
0.34450000000000025	-306.76997297612684	198.31980328059802	108.45016969552883
0.34500000000000025	-311.05874843308578	149.8865675180017	161.17218091508408
0.34550000000000025	-304.32811265075583	96.143525376244014	208.18458727451181
0.34600000000000025	-286.81650175723428	38.99455091638518	247.8219508408491
0.34650000000000025	-259.14427329871239	-19.535824950130717	278.68009824884308
0.34700000000000025	-222.29172976411704	-77.374134478346747	299.66586424246378
0.34750000000000025	-177.56439088072509	-132.47142671836315	310.0358175990882
0.34800000000000025	-126.54674492696569	-182.87585262422854	309.42259755119426
0.34850000000000025	-71.046117445221995	-226.80181027947279	297.84792772469478
0.34900000000000025	-13.028645833463315	-262.69320073519657	275.72184656865988
0.34950000000000025	45.450372052281111	-289.27855359111788	243.82818153883676
0.35000000000000026	102.31928784913397	-305.61606946838566	203.2967816192517
0.35050000000000026	155.56349186339605	-311.12698372209474	155.56349185869868
0.35100000000000026	203.29678162336552	-305.61606946738505	102.31928784401948
0.35150000000000026	243.82818154221587	-289.27855358915531	45.450372046939435
0.35200000000000026	275.72184657119124	-262.69320073233996	-13.028645838851304
0.35250000000000026	297.84792772628867	-226.8018102758233	-71.046117450465374
0.35300000000000026	309.42259755179424	-182.87585261991543	-126.54674493187879
0.35350000000000026	310.03581759867302	-132.47142671353924	-177.56439088513378
0.35400000000000026	299.66586424104815	-77.374134473182949	-222.29172976786521
0.35450000000000026	278.68009824647328	-19.535824944801121	-259.14427330167217
0.35500000000000026	247.82195083761138	38.994550921683185	-286.81650175929457
0.35550000000000026	208.18458727052089	96.143525381321041	-304.32811265184193
0.35600000000000026	161.1721809104813	149.88656752267997	-311.05874843316127
0.35650000000000026	108.45016969048559	198.31980328470496	-306.76997297519051
0.35700000000000026	51.886257142172006	239.7274611444937	-291.61371828666569
0.35750000000000026	-6.5157519329139149	272.64265417888066	-266.12690224596679
0.35800000000000026	-64.686937247396287	295.89934526499599	-231.21240801759973
0.35850000000000026	-120.56655556069404	308.67365452666218	-188.10709896596811
0.35900000000000026	-172.17504353568702	310.51304568974695	-138.33800215405989
0.35950000000000026	-217.68414475683619	301.35235740528094	-83.668212648444708
0.36000000000000026	-255.48167662514186	281.5161116227377	-26.034434997595838
0.36050000000000026	-284.22864273049584	251.7070172381774	32.521625492318478
0.36100000000000027	-302.90666746702806	212.98107628127724	89.925591185750818
0.36150000000000027	-310.85407249665525	166.71017451696773	144.14389797968755
0.36200000000000027	-307.78931703408284	114.53348170826644	193.25583532581641
0.36250000000000027	-293.8209715694835	58.299383210227013	235.5215883592565
0.36300000000000027	-269.44387170475648	-2.7622917286862503e-009	269.44387170751872
0.36350000000000027	-235.52158835563296	-58.299383215653762	293.82097157128675
0.36400000000000027	-193.25583532145311	-114.53348171341128	307.78931703486438
0.36450000000000027	-144.14389797474482	-166.71017452163977	310.85407249638456
0.36500000000000027	-89.925591180403785	-212.98107628531093	302.90666746571469
0.36550000000000027	-32.52162548675652	-251.70701724142987	284.2286427281864
0.36600000000000027	26.034435003175645	-281.51611162509369	255.48167662191804
0.36650000000000027	83.668212653844719	-301.35235740665701	217.68414475281224
0.36700000000000027	138.3380021590809	-310.5130456900938	172.1750435310129
0.36750000000000027	188.10709897044072	-308.67365452596971	120.56655555552901
0.36800000000000027	231.21240802136555	-295.89934526328881	64.68693724192326
0.36850000000000027	266.12690224889241	-272.6426541762192	6.5157519273268178
0.36900000000000027	291.61371828865049	-239.72746114096654	-51.886257147683978
0.36950000000000027	306.76997297615969	-198.31980328044136	-108.45016969571833
0.37000000000000027	311.05874843308044	-149.886567517831	-161.17218091524944
0.37050000000000027	304.32811265071393	-96.143525376058435	-208.18458727465548
0.37100000000000027	286.81650175715936	-38.994550916193376	-247.821950840966
0.37150000000000027	259.14427329860541	19.535824950323644	-278.68009824892908
0.37200000000000027	222.29172976398178	77.374134478533989	-299.6658642425158
0.37250000000000028	177.56439088056635	132.47142671853805	-310.0358175991044
0.37300000000000028	126.54674492678909	182.87585262438495	-309.42259755117402
0.37350000000000028	71.046117445025146	226.8018102796112	-297.84792772463635
0.37400000000000028	13.028645833261322	262.69320073530491	-275.72184656856626
0.37450000000000028	-45.4503720524811	289.27855359119235	-243.82818153871122
0.37500000000000028	-102.31928784931654	305.61606946842187	-203.29678161910533
0.37550000000000028	-155.56349186356348	311.12698372209474	-155.56349185853125
0.37600000000000028	-203.29678162351186	305.61606946734878	-102.31928784383692
0.37650000000000028	-243.82818154233595	289.27855358908414	-45.450372046748186
0.37700000000000028	-275.72184657128082	262.69320073223639	13.02864583904443
0.37750000000000028	-297.84792772634455	226.80181027569094	71.046117450653611
0.37800000000000028	-309.42259755181442	182.87585261975903	126.54674493205539
0.37850000000000028	-310.03581759865614	132.47142671335632	177.56439088529982
0.37900000000000028	-299.66586424099381	77.374134472987151	222.29172976800666
0.37950000000000028	-278.68009824638733	19.535824944608194	259.14427330177909
0.38000000000000028	-247.82195083749446	-38.994550921874989	286.81650175936943
0.38050000000000028	-208.18458727037722	-96.143525381504901	304.32811265188212
0.38100000000000028	-161.17218091031594	-149.88656752284939	311.05874843316531
0.38150000000000028	-108.45016969030439	-198.31980328485392	306.76997297515834
0.38200000000000028	-51.886257141981389	-239.72746114461694	291.61371828659833
0.38250000000000028	6.5157519331071967	-272.64265417897383	266.12690224586663
0.38300000000000028	64.686937247594031	-295.89934526505846	231.21240801746444
0.38350000000000029	120.56655556088042	-308.67365452668747	188.10709896580704
0.38400000000000029	172.17504353585539	-310.51304568973421	138.33800215387882
0.38450000000000029	217.68414475697432	-301.35235740523285	83.668212648258503
0.38500000000000029	255.48167662525219	-281.51611162265539	26.034434997403196
0.38550000000000029	284.22864273057451	-251.70701723806377	-32.521625492510751
0.38600000000000029	302.90666746707217	-212.9810762811363	-89.925591185935872
0.38650000000000029	310.85407249666332	-166.7101745168045	-144.14389797985885
0.38700000000000029	307.78931703405453	-114.53348170808667	-193.25583532596789
0.38750000000000029	293.8209715694199	-58.299383210037114	-235.5215883593828
0.38800000000000029	269.44387170465541	2.9644695587194292e-009	-269.44387170761985
0.38850000000000029	235.52158835550088	58.299383215852338	-293.8209715713532
0.38900000000000029	193.25583532130159	114.53348171359102	-307.78931703489263
0.38950000000000029	144.14389797457352	166.710174521803	-310.85407249637649
0.39000000000000029	89.925591180218703	212.98107628545185	-302.90666746567058
0.39050000000000029	32.521625486564275	251.7070172415435	-284.22864272810773
0.39100000000000029	-26.034435003368301	281.51611162517605	-255.48167662180774
0.39150000000000029	-83.668212654030924	301.3523574067051	-217.68414475267414
0.39200000000000029	-138.33800215925405	310.51304569010591	-172.17504353085187
0.39250000000000029	-188.10709897059471	308.67365452594549	-120.5665555553508
0.39300000000000029	-231.21240802150083	295.89934526322634	-64.686937241725531
0.39350000000000029	-266.12690224899711	272.64265417612182	-6.5157519271247111
0.39400000000000029	-291.61371828871791	239.72746114084333	51.886257147874602
0.39450000000000029	-306.76997297619192	198.3198032802924	108.45016969589952
0.3950000000000003	-311.0587484330764	149.8865675176616	161.1721809154148
0.3955000000000003	-304.32811265067369	96.14352537587456	208.18458727479916
0.3960000000000003	-286.81650175708444	38.994550916001586	247.82195084108287
0.3965000000000003	-259.14427329849843	-19.535824950516584	278.68009824901503
0.3970000000000003	-222.29172976384655	-77.374134478721217	299.66586424256775
0.3975000000000003	-177.56439088040034	-132.47142671872098	310.03581759912129
0.3980000000000003	-126.54674492660439	-182.87585262454849	309.42259755115288
0.3985000000000003	-71.046117444836938	-226.80181027974351	297.84792772458047
0.3990000000000003	-13.028645833068182	-262.69320073540854	275.72184656847674
0.3995000000000003	45.450372052672364	-289.27855359126352	243.82818153859114
0.4000000000000003	102.3192878494991	-305.61606946845814	203.29678161895902
0.4005000000000003	155.56349186373089	-311.12698372209468	155.56349185836382
0.4010000000000003	203.29678162365821	-305.61606946731257	102.31928784365435
0.4015000000000003	243.82818154245604	-289.27855358901297	45.45037204655695
0.4020000000000003	275.72184657137041	-262.69320073213282	-13.028645839237598
0.4025000000000003	297.84792772640299	-226.80181027555255	-71.046117450850446
0.4030000000000003	309.42259755183557	-182.87585261959549	-126.54674493224009
0.4035000000000003	310.03581759863994	-132.47142671318142	-177.56439088545855
0.4040000000000003	299.6658642409418	-77.374134472799895	-222.29172976814192
0.4045000000000003	278.68009824630133	-19.535824944415239	-259.14427330188607
0.4050000000000003	247.82195083737761	38.994550922066793	-286.81650175944441
0.4055000000000003	208.18458727023352	96.143525381688775	-304.32811265192231
0.40600000000000031	161.17218091015062	149.88656752301878	-311.0587484331694
0.40650000000000031	108.45016969012318	198.31980328500288	-306.76997297512605
0.40700000000000031	51.886257141782046	239.7274611447458	-291.61371828652784
0.40750000000000031	-6.5157519333093177	272.6426541790712	-266.12690224576193
0.40800000000000031	-64.686937247783135	295.8993452651182	-231.21240801733506
0.40850000000000031	-120.56655556105864	308.67365452671169	-188.10709896565305
0.40900000000000031	-172.17504353601643	310.51304568972205	-138.33800215370565
0.40950000000000031	-217.68414475711245	301.35235740518476	-83.668212648072313
0.41000000000000031	-255.48167662536252	281.51611162257308	-26.034434997210539
0.41050000000000031	-284.22864273065312	251.70701723795014	32.521625492702981
0.41100000000000031	-302.90666746711634	212.98107628099541	89.92559118612094
0.41150000000000031	-310.85407249667145	166.71017451664125	144.1438979800302
0.41200000000000031	-307.78931703402498	114.5334817078987	193.25583532612632
0.41250000000000031	-293.82097156935345	58.299383209838538	235.52158835951491
0.41300000000000031	-269.44387170455872	-3.1577940262650372e-009	269.44387170771654
0.41350000000000031	-235.52158835537455	-58.299383216042244	293.82097157141681
0.41400000000000031	-193.25583532115007	-114.53348171377078	307.78931703492083
0.41450000000000031	-144.14389797440219	-166.71017452196622	310.85407249636842
0.41500000000000031	-89.925591180033635	-212.98107628559279	302.90666746562647
0.41550000000000031	-32.521625486372002	-251.70701724165713	284.22864272802917
0.41600000000000031	26.03443500356093	-281.51611162525836	255.48167662169743
0.41650000000000031	83.668212654225641	-301.35235740675535	217.6841447525297
0.41700000000000031	138.33800215943515	-310.51304569011864	172.1750435306835
0.41750000000000032	188.10709897075574	-308.67365452592014	120.56655555516443
0.41800000000000032	231.21240802163015	-295.89934526316659	64.686937241536441
0.41850000000000032	266.12690224909727	-272.64265417602866	6.5157519269314292
0.41900000000000032	291.61371828878532	-239.7274611407201	-51.886257148065198
0.41950000000000032	306.76997297622421	-198.31980328014347	-108.45016969608074
0.42000000000000032	311.05874843307231	-149.88656751749218	-161.17218091558016
0.42050000000000032	304.32811265063356	-96.1435253756907	-208.18458727494283
0.42100000000000032	286.81650175700958	-38.994550915809796	-247.82195084119977
0.42150000000000032	259.14427329838657	19.535824950718364	-278.6800982491049
0.42200000000000032	222.29172976370506	77.374134478917028	-299.66586424262209
0.42250000000000032	177.5643908802416	132.47142671889588	-310.03581759913749
0.42300000000000032	126.54674492642781	182.87585262470486	-309.42259755113264
0.42350000000000032	71.046117444648743	226.80181027987584	-297.8479277245246
0.42400000000000032	13.028645832875014	262.69320073551211	-275.72184656838715
0.42450000000000032	-45.450372052863599	289.27855359133463	-243.82818153847103
0.42500000000000032	-102.31928784968167	305.61606946849429	-203.29678161881264
0.42550000000000032	-155.56349186389829	311.12698372209468	-155.56349185819641
0.42600000000000032	-203.29678162381128	305.61606946727471	-102.31928784346344
0.42650000000000032	-243.8281815425816	289.27855358893856	-45.450372046356946
0.42700000000000032	-275.72184657146403	262.69320073202448	13.028645839439577
0.42750000000000032	-297.84792772645886	226.80181027542022	71.04611745103864
0.42800000000000032	-309.4225975518558	182.87585261943909	126.54674493241669
0.42850000000000033	-310.03581759862379	132.47142671300648	177.56439088561729
0.42900000000000033	-299.66586424088985	77.374134472612639	222.29172976827718
0.42950000000000033	-278.68009824621538	19.535824944222298	259.14427330199305
0.43000000000000033	-247.82195083726072	-38.994550922258583	286.81650175951927
0.43050000000000033	-208.18458727008988	-96.143525381872635	304.32811265196256
0.43100000000000033	-161.17218090997767	-149.88656752319594	311.05874843317361
0.43150000000000033	-108.45016968993372	-198.31980328515863	306.76997297509234
0.43200000000000033	-51.886257141591443	-239.72746114486904	291.61371828646048
0.43250000000000033	6.5157519335025995	-272.64265417916437	266.12690224566177
0.43300000000000033	64.686937247972224	-295.89934526517794	231.21240801720572
0.43350000000000033	120.56655556123687	-308.67365452673596	188.10709896549906
0.43400000000000033	172.17504353617744	-310.51304568970988	138.33800215353247
0.43450000000000033	217.68414475725058	-301.35235740513667	83.668212647886108
0.43500000000000033	255.48167662547286	-281.51611162249071	26.034434997017897
0.43550000000000033	284.22864273073537	-251.70701723783128	-32.52162549290405
0.43600000000000033	302.90666746716249	-212.98107628084801	-89.925591186314492
0.43650000000000033	310.85407249667992	-166.71017451647057	-144.14389798020935
0.43700000000000033	307.78931703399678	-114.53348170771896	-193.25583532627783
0.43750000000000033	293.8209715692899	-58.299383209648632	-235.52158835964124
0.43800000000000033	269.44387170446208	3.3510900721012149e-009	-269.44387170781317
0.43850000000000033	235.52158835524824	58.299383216232123	-293.82097157148036
0.43900000000000033	193.25583532099859	114.53348171395051	-307.78931703494914
0.43950000000000033	144.14389797423084	166.71017452212945	-310.85407249636029
0.44000000000000034	89.925591179848567	212.98107628573371	-302.90666746558225
0.44050000000000034	32.521625486170947	251.70701724177596	-284.22864272794692
0.44100000000000034	-26.034435003762397	281.51611162534442	-255.48167662158204
0.44150000000000034	-83.668212654411846	301.35235740680343	-217.6841447523916
0.44200000000000034	-138.33800215960829	310.51304569013075	-172.17504353052246
0.44250000000000034	-188.1070989709097	308.67365452589593	-120.56655555498622
0.44300000000000034	-231.21240802175953	295.89934526310685	-64.686937241347337
0.44350000000000034	-266.12690224919737	272.64265417593549	-6.5157519267381474
0.44400000000000034	-291.61371828885268	239.72746114059689	51.886257148255815
0.44450000000000034	-306.76997297625644	198.31980327999452	108.45016969626192
0.44500000000000034	-311.0587484330681	149.886567517315	161.17218091575307
0.44550000000000034	-304.32811265059149	96.143525375498456	208.18458727509307
0.44600000000000034	-286.81650175693119	38.994550915609224	247.82195084132201
0.44650000000000034	-259.14427329827959	-19.535824950911291	278.68009824919085
0.44700000000000034	-222.29172976356983	-77.374134479104299	299.6658642426741
0.44750000000000034	-177.56439088008284	-132.47142671907082	310.03581759915369
0.44800000000000034	-126.54674492625116	-182.8758526248613	309.42259755111246
0.44850000000000034	-71.046117444460521	-226.8018102800082	297.84792772446872
0.44900000000000034	-13.02864583268186	-262.69320073561568	275.72184656829756
0.44950000000000034	45.450372053054849	-289.2785535914058	243.82818153835095
0.45000000000000034	102.31928784987258	-305.61606946853215	203.29678161865959
0.45050000000000034	155.5634918640734	-311.12698372209468	155.56349185802131
0.45100000000000035	203.2967816239576	-305.6160694672385	102.31928784328088
0.45150000000000035	243.82818154270171	-289.2785535888674	45.450372046165711
0.45200000000000035	275.72184657155361	-262.69320073192091	-13.02864583963273
0.45250000000000035	297.84792772651474	-226.80181027528789	-71.046117451226849
0.45300000000000035	309.42259755187598	-182.87585261928268	-126.54674493259328
0.45350000000000035	310.03581759860759	-132.47142671283154	-177.56439088577605
0.45400000000000035	299.66586424083778	-77.374134472425396	-222.29172976841241
0.45450000000000035	278.68009824612551	-19.535824944020547	-259.14427330210498
0.45500000000000035	247.8219508371385	38.994550922459155	-286.81650175959766
0.45550000000000035	208.18458726993964	96.14352538206488	-304.32811265200451
0.45600000000000035	161.17218090981231	149.88656752336533	-311.05874843317764
0.45650000000000035	108.45016968975253	198.31980328530759	-306.76997297506011
0.45700000000000035	51.886257141400847	239.72746114499225	-291.61371828639312
0.45750000000000035	-6.5157519336958671	272.64265417925748	-266.12690224556161
0.45800000000000035	-64.686937248161314	295.89934526523768	-231.21240801707637
0.45850000000000035	-120.56655556141507	308.67365452676017	-188.10709896534507
0.45900000000000035	-172.17504353633845	310.51304568969778	-138.33800215335933
0.45950000000000035	-217.68414475739499	301.35235740508642	-83.668212647691405
0.46000000000000035	-255.48167662558825	281.51611162240471	-26.034434996816458
0.46050000000000035	-284.22864273081393	251.70701723771765	32.521625493096309
0.46100000000000035	-302.90666746720666	212.9810762807071	89.92559118649956
0.46150000000000035	-310.85407249668799	166.71017451630738	144.14389798038064
0.46200000000000035	-307.78931703396859	114.53348170753922	193.25583532642932
0.46250000000000036	-293.82097156922634	58.299383209458753	235.52158835976758
0.46300000000000036	-269.44387170436539	-3.544414539646823e-009	269.44387170790981
0.46350000000000036	-235.52158835512193	-58.299383216422029	293.82097157154396
0.46400000000000036	-193.25583532084707	-114.53348171413028	307.78931703497733
0.46450000000000036	-144.1438979740517	-166.71017452230015	310.85407249635182
0.46500000000000036	-89.925591179655044	-212.98107628588107	302.90666746553609
0.46550000000000036	-32.521625485978674	-251.70701724188962	284.2286427278683
0.46600000000000036	26.034435003955025	-281.51611162542673	255.48167662147171
0.46650000000000036	83.668212654598051	-301.35235740685152	217.68414475225347
0.46700000000000036	138.33800215978147	-310.51304569014292	172.17504353036145
0.46750000000000036	188.10709897106369	-308.67365452587171	120.56655555480802
0.46800000000000036	231.21240802188888	-295.89934526304711	64.686937241158233
0.46850000000000036	266.12690224929753	-272.64265417584238	6.5157519265448656
0.46900000000000036	291.61371828892317	-239.72746114046799	-51.886257148455158
0.46950000000000036	306.76997297629015	-198.31980327983874	-108.45016969645141
0.47000000000000036	311.05874843306401	-149.88656751714561	-161.17218091591843
0.47050000000000036	304.3281126505513	-96.143525375314596	-208.18458727523671
0.47100000000000036	286.81650175685627	-38.99455091541742	-247.82195084143888
0.47150000000000036	259.14427329817261	19.535824951104232	-278.6800982492768
0.47200000000000036	222.29172976343455	77.374134479291541	-299.66586424272612
0.47250000000000036	177.5643908799241	132.47142671924573	-310.03581759916983
0.47300000000000036	126.54674492607457	182.87585262501767	-309.42259755109228
0.47350000000000037	71.046117444272284	226.80181028014056	-297.84792772441284
0.47400000000000037	13.028645832479867	262.69320073572402	-275.72184656820389
0.47450000000000037	-45.450372053254853	289.2785535914802	-243.82818153822535
0.47500000000000037	-102.31928785005518	305.61606946856841	-203.29678161851325
0.47550000000000037	-155.56349186424083	311.12698372209474	-155.5634918578539
0.47600000000000037	-203.29678162410397	305.61606946720224	-102.31928784309831
0.47650000000000037	-243.8281815428218	289.27855358879629	-45.450372045974461
0.47700000000000037	-275.72184657164314	262.69320073181729	13.02864583982587
0.47750000000000037	-297.84792772657062	226.80181027515553	71.046117451415057
0.47800000000000037	-309.42259755189622	182.87585261912631	126.54674493276991
0.47850000000000037	-310.03581759859071	132.47142671264865	177.56439088594206
0.47900000000000037	-299.66586424078349	77.374134472229599	222.29172976855386
0.47950000000000037	-278.68009824603956	19.535824943827606	259.14427330221196
0.48000000000000037	-247.8219508370216	-38.99455092265093	286.81650175967252
0.48050000000000037	-208.18458726979597	-96.143525382248754	304.32811265204475
0.48100000000000037	-161.17218090964695	-149.88656752353478	311.05874843318173
0.48150000000000037	-108.45016968957134	-198.31980328545654	306.76997297502788
0.48200000000000037	-51.886257141210208	-239.72746114511546	291.61371828632565
0.48250000000000037	6.5157519338891348	-272.64265417935064	266.12690224546145
0.48300000000000037	64.686937248350432	-295.89934526529743	231.21240801694699
0.48350000000000037	120.56655556160143	-308.67365452678553	188.10709896518406
0.48400000000000037	172.17504353650685	-310.5130456896851	138.33800215317822
0.48450000000000037	217.68414475753312	-301.35235740503833	83.668212647505186
0.48500000000000038	255.48167662569853	-281.51611162232234	26.034434996623816
0.48550000000000038	284.2286427308926	-251.70701723760402	-32.521625493288582
0.48600000000000038	302.90666746725083	-212.98107628056619	-89.925591186684613
0.48650000000000038	310.85407249669612	-166.71017451614412	-144.143897980552
0.48700000000000038	307.78931703394028	-114.5334817073595	-193.25583532658081
0.48750000000000038	293.82097156916274	-58.299383209268846	-235.52158835989388
0.48800000000000038	269.44387170426432	3.7465781588252867e-009	-269.44387170801087
0.48850000000000038	235.52158835498983	58.299383216620598	-293.82097157161047
0.48900000000000038	193.25583532068865	114.53348171431823	-307.78931703500689
0.48950000000000038	144.1438979738804	166.71017452246335	-310.85407249634375
0.49000000000000038	89.925591179469947	212.98107628602202	-302.90666746549198
0.49050000000000038	32.521625485786416	251.70701724200322	-284.22864272778963
0.49100000000000038	-26.034435004147682	281.51611162550904	-255.48167662136134
0.49150000000000038	-83.668212654784242	301.35235740689961	-217.68414475211534
0.49200000000000038	-138.33800215995464	310.51304569015508	-172.17504353020041
0.49250000000000038	-188.10709897121768	308.6736545258475	-120.56655555462977
0.49300000000000038	-231.21240802202416	295.89934526298464	-64.686937240960489
0.49350000000000038	-266.12690224940229	272.64265417574501	-6.5157519263427588
0.49400000000000038	-291.61371828899053	239.72746114034479	51.886257148645761
0.49450000000000038	-306.76997297632238	198.31980327968978	108.45016969663257
0.49500000000000038	-311.05874843306003	149.88656751697619	161.17218091608382
0.49550000000000038	-304.32811265051112	96.143525375130736	208.18458727538038
0.49600000000000039	-286.81650175678135	38.994550915225631	247.82195084155572
0.49650000000000039	-259.14427329806563	-19.535824951297187	278.6800982493628
0.49700000000000039	-222.29172976329926	-77.374134479478798	299.66586424277807
0.49750000000000039	-177.56439087975809	-132.47142671942865	310.03581759918677
0.49800000000000039	-126.54674492588991	-182.87585262518124	309.42259755107114
0.49850000000000039	-71.046117444075492	-226.80181028027891	297.84792772435441
0.49900000000000039	-13.028645832286728	-262.69320073582765	275.72184656811436
0.49950000000000039	45.450372053446088	-289.27855359155137	243.8281815381053
0.50000000000000033	102.31928785023774	-305.61606946860468	203.29678161836691
