0.00050000000000000001	0	-155.56349186102807	155.56349186106522
0.001	33.659164591579284	-169.63761702971729	135.97845243817855
0.0015	66.125936496973537	-177.7022450435455	111.5763085466144
0.002	96.250164135364372	-179.47168243456201	83.221518299240515
0.0025000000000000001	122.96468172445023	-174.88324600105005	51.918564276641561
0.0030000000000000001	145.32311416031192	-164.09948339119799	18.776369230925223
0.0035000000000000001	162.53340282727746	-147.50241477162513	-15.030988055617087
0.0040000000000000001	173.98586466925701	-125.67999957252606	-48.305865096700884
0.0045000000000000005	179.27479051595805	-99.405307731733075	-79.869482784201239
0.005000000000000001	178.21281753250619	-69.609133306760157	-108.60368422572945
0.0055000000000000014	170.83756664127904	-37.347020631275043	-133.49054600999509
0.0060000000000000019	157.41030978197526	-3.7618711308451971	-153.64843865112917
0.0065000000000000023	138.40671422289557	29.956544529847964	-168.36325875275068
0.0070000000000000027	114.49999181082289	62.613734665956763	-177.1137264767946
0.0075000000000000032	86.537050105725029	93.052802035908329	-179.5898521416556
0.0080000000000000036	55.508490258223524	120.19542750294946	-175.70391776120167
0.0085000000000000041	22.513514469975956	143.0800700281543	-165.5935844981644
0.0090000000000000045	-11.279013792317244	160.89602974109778	-149.61701594881896
0.009500000000000005	-44.671977367948436	173.0121673869335	-128.34019001902638
0.010000000000000005	-76.482413874435082	178.99926274914657	-102.51684887475425
0.010500000000000006	-105.58342273967625	178.64521998970841	-73.061797250074818
0.011000000000000006	-130.94408621652747	171.96258124987747	-41.018495033391076
0.011500000000000007	-151.66599015794935	159.18808233859258	-7.5220921806812422
0.012000000000000007	-167.01505078606476	140.77426624841817	26.240784537612978
0.012500000000000008	-176.44751997596154	117.3734515944211	59.07406838151244
0.013000000000000008	-179.62924780409972	89.814623902022703	89.814623902055558
0.013500000000000009	-176.44751997594048	59.074068381476451	117.37345159444993
0.014000000000000009	-167.01505078602338	26.24078453757528	140.77426624844185
0.014500000000000009	-151.66599015788913	-7.5220921807193184	159.18808233861026
0.01500000000000001	-130.9440862164505	-41.018495033428174	171.96258124988847
0.01550000000000001	-105.58342273958537	-73.061797250109564	178.64521998971236
0.016000000000000011	-76.48241387433329	-102.51684887478559	178.99926274914338
0.016500000000000011	-44.671977367839553	-128.34019001905304	173.01216738692324
0.017000000000000012	-11.279013792205134	-149.61701594883999	160.89602974108089
0.017500000000000012	22.513514470087479	-165.59358449817918	143.08007002813125
0.018000000000000013	55.508490258330433	-175.7039177612096	120.19542750292111
0.018500000000000013	86.537050105823468	-179.58985214165639	93.0528020358758
0.019000000000000013	114.49999181090951	-177.11372647678826	62.613734665921044
0.019500000000000014	138.40671422296722	-168.36325875273738	29.956544529810387
0.020000000000000014	157.41030978202934	-153.64843865110944	-3.7618711308832178
0.020500000000000015	170.83756664131377	-133.49054600996956	-37.347020631312326
0.021000000000000015	178.21281753252029	-108.6036842256991	-69.609133306795243
0.021500000000000016	179.274790515951	-79.869482784167019	-99.405307731764879
0.022000000000000016	173.98586466922907	-48.305865096664334	-125.6799995725532
0.022500000000000017	162.53340282722959	-15.03098805557911	-147.5024147716469
0.023000000000000017	145.32311416024578	18.776369230963283	-164.09948339121354
0.023500000000000017	122.9646817243683	51.918564276678048	-174.88324600105875
0.024000000000000018	96.250164135269387	83.221518299274351	-179.4716824345636
0.024500000000000018	66.125936496868803	111.57630854664446	-177.7022450435399
0.025000000000000019	33.659164591468837	135.97845243820345	-169.63761702970476
0.025500000000000019	-1.1257123722626969e-010	155.56349186108434	-155.56349186100894
0.02600000000000002	-33.659164591689994	169.63761702975435	-135.97845243810488
0.02650000000000002	-66.125936497078428	177.70224504356199	-111.57630854652599
0.027000000000000021	-96.250164135459471	179.47168243455729	-83.221518299140669
0.027500000000000021	-122.96468172453244	174.8832460010243	-51.918564276533644
0.028000000000000021	-145.32311416037828	164.09948339115206	-18.776369230812954
0.028500000000000022	-162.53340282732546	147.50241477156078	15.030988055729422
0.029000000000000022	-173.98586466928506	125.67999957244544	48.305865096809619
0.029500000000000023	-179.27479051596515	99.405307731638985	79.86948278430242
0.030000000000000023	-178.21281753249207	69.60913330665619	108.60368422581925
0.030500000000000024	-170.83756664124417	37.347020631164625	133.49054601007063
0.031000000000000024	-157.41030978192083	3.7618711307322519	153.64843865118766
0.031500000000000021	-138.40671422282369	-29.956544529959114	168.36325875278996
0.032000000000000021	-114.49999181073616	-62.613734666062278	177.11372647681338
0.032500000000000022	-86.537050105626307	-93.052802036004692	179.58985214165324
0.033000000000000022	-55.508490258116311	-120.19542750303322	175.70391776117825
0.033500000000000023	-22.513514469864269	-143.08007002822234	165.5935844981208
0.034000000000000023	11.279013792429673	-160.89602974114788	149.61701594875663
0.034500000000000024	44.671977368057625	-173.0121673869638	128.34019001894748
0.035000000000000024	76.482413874536874	-178.999262749156	102.51684887466187
0.035500000000000025	105.58342273976739	-178.64521998969664	73.061797249971903
0.036000000000000025	130.94408621660463	-171.9625812498449	41.018495033281319
0.036500000000000025	151.66599015800969	-159.18808233854043	7.5220921805687695
0.037000000000000026	167.0150507861062	-140.77426624834825	-26.240784537724345
0.037500000000000026	176.44751997598269	-117.37345159433576	-59.074068381618901
0.038000000000000027	179.62924780409972	-89.814623901925216	-89.814623902153059
0.038500000000000027	176.44751997591939	-59.074068381370139	-117.37345159453514
0.039000000000000028	167.01505078598188	-26.24078453746376	-140.77426624851188
0.039500000000000028	151.6659901578289	7.5220921808316312	-159.18808233866233
0.040000000000000029	130.94408621637345	41.018495033537775	-171.96258124992102
0.040500000000000029	105.58342273949417	73.06179725021255	-178.64521998972415
0.041000000000000029	76.482413874231582	102.51684887487791	-178.99926274913398
0.04150000000000003	44.67197736773052	128.3401900191318	-173.01216738689297
0.04200000000000003	11.279013792092625	149.61701594890241	-160.89602974103076
0.042500000000000031	-22.513514470199318	165.59358449822287	-143.08007002806309
0.043000000000000031	-55.508490258437803	175.70391776123304	-120.19542750283723
0.043500000000000032	-86.537050105921978	179.58985214165872	-93.052802035779663
0.044000000000000032	-114.49999181099612	177.11372647676953	-62.613734665815684
0.044500000000000033	-138.40671422303896	168.36325875269816	-29.956544529699393
0.045000000000000033	-157.41030978208366	153.64843865105107	3.7618711309959241
0.045500000000000033	-170.83756664134862	133.49054600989416	37.347020631422595
0.046000000000000034	-178.21281753253444	108.60368422560917	69.609133306899309
0.046500000000000034	-179.27479051594395	79.869482784066477	99.405307731858372
0.047000000000000035	-173.98586466920108	48.305865096555905	125.67999957263363
0.047500000000000035	-162.53340282718165	15.030988055466935	147.50241477171113
0.048000000000000036	-145.32311416017961	-18.776369231075236	164.09948339125933
0.048500000000000036	-122.96468172428602	-51.918564276785808	174.88324600108453
0.049000000000000037	-96.25016413517406	-83.221518299374679	179.47168243456832
0.049500000000000037	-66.125936496764439	-111.57630854673269	177.7022450435235
0.050000000000000037	-33.659164591358255	-135.9784524382768	169.63761702966775
0.050500000000000038	2.2514247445253938e-010	-155.56349186114079	155.56349186095264
0.051000000000000038	33.659164591800568	-169.63761702979127	135.97845243803133
0.051500000000000039	66.125936497183105	-177.7022450435785	111.57630854643777
0.052000000000000039	96.250164135554783	-179.47168243455258	83.221518299040639
0.05250000000000004	122.96468172461472	-174.88324600099847	51.91856427642557
0.05300000000000004	145.32311416044428	-164.09948339110628	18.776369230701317
0.053500000000000041	162.53340282737338	-147.50241477149675	-15.030988055841599
0.054000000000000041	173.98586466931306	-125.67999957236478	-48.305865096918041
0.054500000000000041	179.2747905159722	-99.405307731545477	-79.86948278440326
0.055000000000000042	178.21281753247791	-69.609133306551826	-108.60368422590918
0.055500000000000042	170.83756664120926	-37.347020631054512	-133.49054601014615
0.056000000000000043	157.41030978186674	-3.7618711306203432	-153.64843865124581
0.056500000000000043	138.40671422275193	29.956544530070424	-168.36325875282921
0.057000000000000044	114.49999181064918	62.613734666167787	-177.11372647683223
0.057500000000000044	86.537050105527385	93.052802036101539	-179.58985214165085
0.058000000000000045	55.508490258008941	120.19542750311687	-175.70391776115477
0.058500000000000045	22.51351446975195	143.080070028291	-165.59358449807692
0.059000000000000045	-11.279013792542022	160.89602974119808	-149.61701594869433
0.059500000000000046	-44.671977368166658	173.01216738699398	-128.34019001886875
0.060000000000000046	-76.482413874639022	178.99926274916547	-102.51684887456918
0.060500000000000047	-105.5834227398587	178.64521998968488	-73.061797249868789
0.061000000000000047	-130.94408621668191	171.96258124981216	-41.018495033171419
0.061500000000000048	-151.66599015807034	159.18808233848813	-7.52209218045566
0.062000000000000048	-167.01505078614767	140.77426624827851	26.240784537835705
0.062500000000000042	-176.44751997600378	117.3734515942503	59.074068381725212
0.063000000000000042	-179.62924780409972	89.81462390182773	89.814623902250261
0.063500000000000043	-176.44751997589836	59.074068381264432	117.37345159462012
0.064000000000000043	-167.01505078594056	26.240784537352393	140.7742662485816
0.064500000000000043	-151.66599015776856	-7.5220921809437851	159.18808233871448
0.065000000000000044	-130.9440862162964	-41.018495033647682	171.96258124995356
0.065500000000000044	-105.58342273940309	-73.061797250315095	178.64521998973592
0.066000000000000045	-76.482413874130017	-102.51684887496982	178.99926274912457
0.066500000000000045	-44.671977367621793	-128.34019001921055	173.01216738686279
0.067000000000000046	-11.279013791980596	-149.61701594896434	160.89602974098082
0.067500000000000046	22.513514470310692	-165.59358449826649	143.08007002799522
0.068000000000000047	55.508490258544555	-175.70391776125632	120.19542750275382
0.068500000000000047	86.537050106020899	-179.58985214166111	93.052802035683101
0.069000000000000047	114.49999181108261	-177.11372647675074	62.613734665710474
0.069500000000000048	138.4067142231105	-168.36325875265914	29.956544529588712
0.070000000000000048	157.41030978213774	-153.64843865099272	-3.7618711311081512
0.070500000000000049	170.83756664138329	-133.49054600981924	-37.347020631532388
0.071000000000000049	178.21281753254851	-108.6036842255195	-69.609133307002793
0.07150000000000005	179.27479051593684	-79.869482783965651	-99.405307731952405
0.07200000000000005	173.985864669173	-48.305865096446873	-125.67999957271431
0.072500000000000051	162.53340282713387	-15.030988055354758	-147.50241477177519
0.073000000000000051	145.32311416011365	18.776369231186557	-164.099483391305
0.073500000000000051	122.9646817242042	51.918564276893882	-174.88324600111017
0.074000000000000052	96.250164135079288	83.221518299473587	-179.47168243457304
0.074500000000000052	66.125936496659477	111.57630854682115	-177.70224504350702
0.075000000000000053	33.659164591247368	135.97845243835056	-169.6376170296306
0.075500000000000053	-3.373946260359159e-010	155.56349186119661	-155.56349186089651
0.076000000000000054	-33.65916459191083	169.63761702982839	-135.97845243795797
0.076500000000000054	-66.125936497287469	177.70224504359479	-111.57630854634981
0.077000000000000055	-96.25016413564957	179.47168243454786	-83.221518298941163
0.077500000000000055	-122.96468172469655	174.88324600097297	-51.918564276318108
0.078000000000000055	-145.32311416051064	164.09948339106035	-18.776369230589044
0.078500000000000056	-162.53340282742118	147.50241477143231	15.030988055953456
0.079000000000000056	-173.985864669341	125.67999957228503	48.305865097026157
0.079500000000000057	-179.27479051597925	99.405307731451458	79.869482784503802
0.080000000000000057	-178.21281753246384	69.609133306448939	108.60368422599858
0.080500000000000058	-170.83756664117459	37.347020630944087	133.49054601022127
0.081000000000000058	-157.41030978181237	3.7618711305074775	153.6484386513043
0.081500000000000059	-138.40671422268039	-29.956544530180476	168.36325875286832
0.082000000000000059	-114.49999181056268	-62.613734666273594	177.11372647685093
0.082500000000000059	-86.537050105429017	-93.052802036197008	179.58985214164852
0.08300000000000006	-55.508490257902189	-120.19542750320078	175.70391776113144
0.08350000000000006	-22.513514469640587	-143.08007002835845	165.59358449803344
0.084000000000000061	11.279013792654689	-160.89602974124827	149.61701594863186
0.084500000000000061	44.671977368275996	-173.01216738702433	128.34019001878974
0.085000000000000062	76.482413874740587	-178.99926274917479	102.51684887447701
0.085500000000000062	105.58342273995004	-178.64521998967305	73.061797249765647
0.086000000000000063	130.94408621675873	-171.9625812497799	41.018495033062131
0.086500000000000063	151.66599015813017	-159.18808233843643	7.522092180344143
0.087000000000000063	167.01505078618922	-140.77426624820839	-26.240784537947384
0.087500000000000064	176.44751997602481	-117.3734515941658	-59.074068381831218
0.088000000000000064	179.62924780409972	-89.814623901729959	-89.814623902348586
0.088500000000000065	176.44751997587721	-59.074068381157822	-117.37345159470557
0.089000000000000065	167.01505078589878	-26.240784537240714	-140.77426624865211
0.089500000000000066	151.66599015770808	7.5220921810565757	-159.18808233876678
0.090000000000000066	130.94408621621955	41.018495033756345	-171.96258124998602
0.090500000000000067	105.58342273931176	73.061797250418223	-178.64521998974772
0.091000000000000067	76.48241387402787	102.51684887506252	-178.99926274911513
0.091500000000000067	44.671977367511836	128.34019001928957	-173.01216738683226
0.092000000000000068	11.279013791867929	149.61701594902681	-160.89602974093066
0.092500000000000068	-22.513514470422056	165.59358449830972	-143.08007002792735
0.093000000000000069	-55.508490258651918	175.7039177612798	-120.19542750266992
0.093500000000000069	-86.537050106119267	179.58985214166344	-93.052802035587078
0.09400000000000007	-114.4999918111701	177.1137264767319	-62.613734665604063
0.09450000000000007	-138.40671422318249	168.36325875261977	-29.956544529477405
0.09500000000000007	-157.41030978219246	153.64843865093425	3.7618711312216546
0.095500000000000071	-170.83756664141819	133.4905460097437	37.347020631642813
0.096000000000000071	-178.21281753256258	108.6036842254306	69.609133307106276
0.096500000000000072	-179.27479051592977	79.869482783864527	99.405307732045898
0.097000000000000072	-173.98586466914509	48.305865096339367	125.67999957279403
0.097500000000000073	-162.53340282708552	15.030988055242263	147.50241477184036
0.098000000000000073	-145.32311416004725	-18.77636923129883	164.09948339135116
0.098500000000000074	-122.96468172412234	-51.918564277000733	174.88324600113594
0.099000000000000074	-96.250164134983962	-83.221518299573631	179.47168243457773
0.099500000000000074	-66.125936496555099	-111.57630854690862	177.70224504349073
0.10000000000000007	-33.659164591136474	-135.97845243842431	169.63761702959329
0.10050000000000008	4.5028494890507875e-010	-155.56349186125306	155.56349186083975
0.10100000000000008	33.65916459202235	-169.63761702986554	135.97845243788421
0.10150000000000008	66.125936497392431	-177.70224504361127	111.57630854626184
0.10200000000000008	96.250164135744342	-179.47168243454317	83.221518298842241
0.10250000000000008	122.96468172477884	-174.8832460009472	51.918564276209423
0.10300000000000008	145.32311416057661	-164.09948339101496	18.776369230476771
0.10350000000000008	162.5334028274695	-147.50241477136788	-15.030988056065951
0.10400000000000008	173.98586466936908	-125.67999957220438	-48.30586509713428
0.10450000000000008	179.27479051598638	-99.405307731357425	-79.869482784606063
0.10500000000000008	178.21281753244969	-69.609133306344859	-108.60368422608902
0.10550000000000008	170.83756664113989	-37.347020630834919	-133.49054601029681
0.10600000000000008	157.41030978175797	-3.7618711303946122	-153.64843865136245
0.10650000000000008	138.40671422260843	29.956544530291787	-168.36325875290746
0.10700000000000008	114.49999181047521	62.613734666379408	-177.11372647686997
0.10750000000000008	86.537050105330096	93.052802036293571	-179.58985214164613
0.10800000000000008	55.508490257795422	120.19542750328371	-175.70391776110796
0.10850000000000008	22.513514469528587	143.08007002842672	-165.59358449798992
0.10900000000000008	-11.279013792766721	160.89602974129789	-149.6170159485701
0.10950000000000008	-44.671977368385349	173.01216738705472	-128.3401900187103
0.11000000000000008	-76.482413874842734	178.99926274918425	-102.51684887438377
0.11050000000000008	-105.58342274004136	178.64521998966126	-73.061797249663101
0.11100000000000008	-130.94408621683601	171.96258124974727	-41.018495032952842
0.11150000000000009	-151.66599015819065	159.18808233838413	-7.52209218023199
0.11200000000000009	-167.01505078623077	140.77426624813828	26.2407845380597
0.11250000000000009	-176.44751997604598	117.37345159408035	59.074068381938432
0.11300000000000009	-179.62924780409972	89.814623901632203	89.814623902445803
0.11350000000000009	-176.44751997585604	59.074068381051212	117.37345159479055
0.11400000000000009	-167.01505078585723	26.240784537129034	140.77426624872263
0.11450000000000009	-151.6659901576476	-7.5220921811693673	159.18808233881938
0.11500000000000009	-130.94408621614227	-41.018495033866259	171.96258125001881
0.11550000000000009	-105.58342273922044	-73.061797250521352	178.64521998975945
0.11600000000000009	-76.482413873925722	-102.51684887515522	178.99926274910572
0.11650000000000009	-44.671977367402491	-128.34019001936852	173.01216738680174
0.11700000000000009	-11.27901379175526	-149.61701594908928	160.89602974088015
0.11750000000000009	22.513514470534055	-165.59358449835349	143.08007002785871
0.11800000000000009	55.508490258759281	-175.70391776130327	120.1954275025865
0.11850000000000009	86.537050106218189	-179.58985214166583	93.052802035491069
0.11900000000000009	114.49999181125708	-177.11372647671308	62.61373466549766
0.11950000000000009	138.40671422325443	-168.36325875258044	29.956544529365466
0.12000000000000009	157.41030978224683	-153.64843865087579	-3.7618711313338826
0.12050000000000009	170.83756664145307	-133.49054600966818	-37.347020631752613
0.12100000000000009	178.21281753257671	-108.60368422534069	-69.60913330720976
0.12150000000000009	179.27479051592266	-79.869482783763416	-99.405307732141011
0.12200000000000009	173.98586466911703	-48.30586509623064	-125.6799995728756
0.12250000000000009	162.53340282703746	-15.030988055129768	-147.50241477190406
0.1230000000000001	145.32311415998092	18.776369231411103	-164.09948339139655
0.1235000000000001	122.96468172404006	51.918564277108807	-174.88324600116144
0.1240000000000001	96.250164134888649	83.221518299673676	-179.4716824345825
0.1245000000000001	66.125936496450137	111.57630854699708	-177.70224504347402
0.12500000000000008	33.659164591025586	135.9784524384981	-169.63761702955657
0.12550000000000008	-5.6189892920266901e-010	155.56349186130885	-155.56349186078396
0.12600000000000008	-33.659164592131987	169.63761702990223	-135.97845243781128
0.12650000000000008	-66.125936497496212	177.70224504362758	-111.57630854617436
0.12700000000000009	-96.250164135839668	179.47168243453845	-83.22151829874106
0.12750000000000009	-122.96468172486021	174.8832460009217	-51.918564276102579
0.12800000000000009	-145.32311416064294	164.09948339096903	-18.77636923036577
0.12850000000000009	-162.53340282751702	147.50241477130419	15.030988056177174
0.12900000000000009	-173.98586466939682	125.67999957212463	48.305865097241778
0.12950000000000009	-179.2747905159934	99.405307731264458	79.869482784706037
0.13000000000000009	-178.21281753243571	69.609133306241972	108.60368422617792
0.13050000000000009	-170.83756664110501	37.347020630724494	133.49054601037147
0.13100000000000009	-157.4103097817042	3.7618711302830223	153.64843865142026
0.13150000000000009	-138.40671422253729	-29.956544530401835	168.36325875294636
0.13200000000000009	-114.49999181038919	-62.613734666484021	177.11372647688859
0.13250000000000009	-86.537050105232282	-93.052802036389039	179.5898521416438
0.13300000000000009	-55.508490257688059	-120.19542750336761	175.70391776108474
0.13350000000000009	-22.513514469417853	-143.08007002849422	165.59358449794667
0.13400000000000009	11.279013792879388	-160.89602974134809	149.61701594850692
0.13450000000000009	44.671977368493451	-173.01216738708473	128.34019001863223
0.13500000000000009	76.482413874943731	-178.99926274919358	102.51684887429212
0.13550000000000009	105.58342274013167	-178.6452199896496	73.061797249561138
0.13600000000000009	130.94408621691244	-171.96258124971502	41.018495032844179
0.13650000000000009	151.66599015825113	-159.18808233833184	7.5220921801179239
0.13700000000000009	167.01505078627187	-140.77426624806895	-26.240784538170111
0.13750000000000009	176.44751997606687	-117.37345159399585	-59.074068382043833
0.13800000000000009	179.62924780409972	-89.814623901535541	-89.814623902542465
0.1385000000000001	176.44751997583515	-59.074068380945803	-117.37345159487505
0.1390000000000001	167.01505078581616	-26.240784537018623	-140.77426624879197
0.1395000000000001	151.6659901575878	7.5220921812808825	-159.18808233887108
0.1400000000000001	130.94408621606499	41.018495033976158	-171.96258125005107
0.1405000000000001	105.58342273913013	73.061797250623329	-178.64521998977114
0.1410000000000001	76.482413873824726	102.51684887524688	-178.9992627490964
0.1415000000000001	44.671977367294382	128.34019001944662	-173.01216738677172
0.1420000000000001	11.279013791643866	149.61701594915104	-160.89602974083056
0.1425000000000001	-22.513514470646054	165.59358449839723	-143.08007002779124
0.1430000000000001	-55.508490258865436	175.70391776132649	-120.19542750250355
0.1435000000000001	-86.537050106317125	179.58985214166816	-93.052802035393412
0.1440000000000001	-114.49999181134308	177.11372647669447	-62.613734665393046
0.1445000000000001	-138.40671422332557	168.36325875254153	-29.956544529255414
0.1450000000000001	-157.4103097823006	153.64843865081795	3.761871131445472
0.1455000000000001	-170.83756664148757	133.49054600959349	37.347020631861788
0.1460000000000001	-178.21281753259086	108.60368422525077	69.609133307315005
0.1465000000000001	-179.27479051591567	79.869482783663443	99.405307732233965
0.1470000000000001	-173.98586466908927	48.305865096123135	125.67999957295535
0.1475000000000001	-162.53340282698994	15.030988055018547	147.50241477196775
0.1480000000000001	-145.32311415991529	-18.776369231522104	164.09948339144196
0.1485000000000001	-122.96468172395775	-51.918564277216873	174.8832460011875
0.1490000000000001	-96.250164134794417	-83.221518299772583	179.47168243458719
0.14950000000000011	-66.125936496345176	-111.57630854708557	177.70224504345774
0.15000000000000011	-33.65916459091595	-135.97845243857103	169.63761702951987
0.15050000000000011	6.7478925207183181e-010	-155.56349186136532	155.56349186072813
0.15100000000000011	33.659164592242874	-169.63761702993935	135.97845243773668
0.15150000000000011	66.125936497601174	-177.7022450436441	111.57630854608489
0.15200000000000011	96.25016413593498	-179.4716824345337	83.221518298642152
0.15250000000000011	122.96468172494249	-174.88324600089592	51.918564275995728
0.15300000000000011	145.32311416070857	-164.09948339092364	18.776369230254769
0.15350000000000011	162.53340282756511	-147.50241477123976	-15.030988056290939
0.15400000000000011	173.9858646694249	-125.67999957204398	-48.305865097351735
0.15450000000000011	179.27479051600048	-99.405307731170424	-79.86948278480601
0.15500000000000011	178.21281753242155	-69.609133306137906	-108.60368422626682
0.15550000000000011	170.83756664107014	-37.347020630614068	-133.49054601044787
0.15600000000000011	157.41030978164983	-3.7618711301701571	-153.64843865147941
0.15650000000000011	138.40671422246533	29.956544530513145	-168.36325875298616
0.15700000000000011	114.49999181030222	62.613734666589828	-177.1137264769072
0.15750000000000011	86.53705010513336	93.052802036485602	-179.58985214164147
0.15800000000000011	55.508490257580696	120.1954275034515	-175.70391776106101
0.15850000000000011	22.513514469305854	143.08007002856246	-165.59358449790241
0.15900000000000011	-11.279013792992055	160.89602974139828	-149.61701594844516
0.15950000000000011	-44.671977368602796	173.01216738711508	-128.34019001855415
0.16000000000000011	-76.482413875045864	178.99926274920304	-102.51684887420048
0.16050000000000011	-105.583422740223	178.64521998963778	-73.061797249456845
0.16100000000000012	-130.94408621698972	171.96258124968239	-41.018495032733028
0.16150000000000012	-151.66599015831162	159.18808233827951	-7.5220921800064078
0.16200000000000012	-167.01505078631342	140.77426624799884	26.240784538280529
0.16250000000000012	-176.44751997608802	117.37345159391039	59.074068382149242
0.16300000000000012	-179.62924780409972	89.81462390143777	89.81462390264133
0.16350000000000012	-176.447519975814	59.074068380839201	117.37345159496147
0.16400000000000012	-167.01505078577458	26.24078453690694	140.7742662488613
0.16450000000000012	-151.66599015752732	-7.522092181393675	159.18808233892281
0.16500000000000012	-130.94408621598771	-41.018495034086072	171.96258125008407
0.16550000000000012	-105.5834227390388	-73.061797250726457	178.64521998978307
0.16600000000000012	-76.482413873722578	-102.51684887533956	178.99926274908685
0.16650000000000012	-44.671977367185036	-128.34019001952561	173.01216738674168
0.16700000000000012	-11.279013791531199	-149.61701594921351	160.8960297407809
0.16750000000000012	22.513514470758054	-165.59358449844098	143.0800700277222
0.16800000000000012	55.508490258972799	-175.70391776134997	120.19542750241871
0.16850000000000012	86.537050106416046	-179.58985214167055	93.052802035297944
0.16900000000000012	114.49999181143005	-177.11372647667565	62.613734665288426
0.16950000000000012	138.40671422339756	-168.36325875250216	29.956544529145361
0.17000000000000012	157.41030978235497	-153.64843865075949	-3.7618711315596136
0.17050000000000012	170.83756664152284	-133.49054600951709	-37.347020631973457
0.17100000000000012	178.21281753260502	-108.60368422516086	-69.609133307417892
0.17150000000000012	179.27479051590856	-79.869482783562333	-99.405307732326932
0.17200000000000013	173.98586466906119	-48.305865096014401	-125.6799995730351
0.17250000000000013	162.53340282694242	-15.030988054907324	-147.50241477203144
0.17300000000000013	145.32311415984819	18.776369231635645	-164.09948339148838
0.17350000000000013	122.96468172387547	51.918564277324947	-174.883246001213
0.17400000000000013	96.250164134699091	83.221518299872642	-179.47168243459186
0.17450000000000013	66.125936496241394	111.57630854717304	-177.70224504344142
0.17500000000000013	33.659164590806313	135.97845243864396	-169.63761702948315
0.17550000000000013	-7.8895591751256714e-010	155.56349186142239	-155.56349186067106
0.17600000000000013	-33.659164592353768	169.63761702997647	-135.97845243766375
0.17650000000000013	-66.125936497706135	177.70224504366058	-111.57630854599741
0.17700000000000013	-96.250164136029227	179.47168243452904	-83.221518298543245
0.17750000000000013	-122.96468172502571	174.88324600086986	-51.918564275886425
0.17800000000000013	-145.32311416077567	164.0994833908772	-18.776369230141224
0.17850000000000013	-162.53340282761317	147.50241477117532	15.030988056402162
0.17900000000000013	-173.98586466945298	125.67999957196332	48.30586509745924
0.17950000000000013	-179.27479051600747	99.405307731077471	79.869482784905983
0.18000000000000013	-178.21281753240726	69.60913330603266	108.60368422635774
0.18050000000000013	-170.83756664103527	37.347020630503643	133.49054601052256
0.18100000000000013	-157.41030978159543	3.7618711300572913	153.64843865153722
0.18150000000000013	-138.40671422239336	-29.956544530624452	168.36325875302506
0.18200000000000013	-114.49999181021623	-62.613734666694448	177.11372647692582
0.18250000000000013	-86.537050105033316	-93.052802036583259	179.58985214163908
0.18300000000000013	-55.508490257473333	-120.1954275035354	175.70391776103779
0.18350000000000014	-22.513514469193851	-143.0800700286307	165.59358449785918
0.18400000000000014	11.279013793103449	-160.8960297414479	149.61701594838337
0.18450000000000014	44.671977368710905	-173.0121673871451	128.34019001847605
0.18500000000000014	76.482413875149163	-178.99926274921259	102.51684887410673
0.18550000000000014	105.58342274031432	-178.64521998962599	73.061797249354882
0.18600000000000014	130.944086217067	-171.96258124964976	41.018495032624365
0.18650000000000014	151.66599015837141	-159.18808233822782	7.5220921798948917
0.18700000000000014	167.01505078635543	-140.77426624792793	-26.24078453839347
0.18750000000000014	176.44751997610942	-117.37345159382396	-59.074068382257053
0.18800000000000014	179.62924780409972	-89.814623901339999	-89.814623902737992
0.18850000000000014	176.44751997579283	-59.074068380732584	-117.37345159504596
0.18900000000000014	167.01505078573348	-26.240784536796522	-140.77426624893062
0.18950000000000014	151.66599015746613	7.5220921815077419	-159.18808233897568
0.19000000000000014	130.94408621591043	41.018495034195979	-171.96258125011633
0.19050000000000014	105.58342273894748	73.061797250829585	-178.64521998979473
0.19100000000000014	76.48241387362043	102.51684887543229	-178.99926274907753
0.19150000000000014	44.671977367076927	128.34019001960368	-173.01216738671167
0.19200000000000014	11.279013791417258	149.61701594927669	-160.89602974073014
0.19250000000000014	-22.513514470870057	165.59358449848472	-143.08007002765473
0.19300000000000014	-55.508490259080169	175.70391776137345	-120.19542750233578
0.19350000000000014	-86.537050106513846	179.58985214167288	-93.052802035202461
0.19400000000000014	-114.49999181151605	177.11372647665704	-62.61373466518382
0.19450000000000014	-138.40671422347032	168.3632587524624	-29.956544529032794
0.19500000000000015	-157.41030978240937	153.648438650701	3.7618711316712035
0.19550000000000015	-170.83756664155734	133.4905460094424	37.347020632082639
0.19600000000000015	-178.212817532619	108.60368422507194	69.609133307520793
0.19650000000000015	-179.27479051590157	79.86948278346236	99.405307732419885
0.19700000000000015	-173.98586466903279	48.305865095904444	125.67999957311667
0.19750000000000015	-162.53340282689379	15.030988054793557	147.50241477209659
0.19800000000000015	-145.32311415978259	-18.776369231746646	164.09948339153379
0.19850000000000015	-122.96468172379411	-51.918564277431798	174.88324600123846
0.19900000000000015	-96.250164134602713	-83.221518299973809	179.47168243459666
0.19950000000000015	-66.125936496135253	-111.57630854726251	177.70224504342474
0.20000000000000015	-33.659164590694168	-135.97845243871856	169.63761702944561
0.20050000000000015	9.005698978101575e-010	-155.56349186147818	155.56349186061527
0.20100000000000015	33.659164592463405	-169.63761703001319	135.97845243759082
0.20150000000000015	66.12593649781229	-177.70224504367724	111.57630854590795
0.20200000000000015	96.250164136125605	-179.47168243452427	83.221518298442064
0.20250000000000015	122.96468172510708	-174.88324600084437	51.91856427577958
0.20300000000000015	145.3231141608413	-164.09948339083181	18.776369230030223
0.20350000000000015	162.53340282766069	-147.50241477111163	-15.030988056513383
0.20400000000000015	173.98586466948137	-125.67999957188175	-48.305865097569203
0.20450000000000015	179.27479051601466	-99.405307730982372	-79.869482785008245
0.20500000000000015	178.21281753239325	-69.60913330592976	-108.60368422644665
0.20550000000000015	170.83756664100076	-37.347020630394468	-133.49054601059726
0.20600000000000016	157.41030978154166	-3.7618711299457024	-153.64843865159503
0.20650000000000016	138.4067142223206	29.95654453073702	-168.36325875306486
0.20700000000000016	114.49999181012826	62.613734666801449	-177.11372647694486
0.20750000000000016	86.537050104935503	93.052802036678727	-179.58985214163673
0.20800000000000016	55.508490257367178	120.19542750361833	-175.70391776101459
0.20850000000000016	22.513514469080587	143.08007002869974	-165.59358449781493
0.20900000000000016	-11.279013793217391	160.89602974149867	-149.61701594832019
0.20950000000000016	-44.67197736882148	173.01216738717582	-128.34019001839619
0.21000000000000016	-76.48241387525016	178.99926274922191	-102.51684887401507
0.21050000000000016	-105.58342274040461	178.64521998961433	-73.061797249252919
0.21100000000000016	-130.94408621714513	171.96258124961676	-41.018495032513215
0.21150000000000016	-151.66599015843261	159.18808233817492	-7.5220921797808247
0.21200000000000016	-167.01505078639653	140.77426624785858	26.240784538503892
0.21250000000000016	-176.44751997613034	117.37345159373949	59.074068382362462
0.21300000000000016	-179.62924780409972	89.814623901243337	89.814623902834654
0.21350000000000016	-176.44751997577143	59.074068380624766	117.37345159513239
0.21400000000000016	-167.01505078569147	26.240784536683581	140.77426624900153
0.21450000000000016	-151.66599015740633	-7.5220921816192572	159.1880823390274
0.21500000000000016	-130.94408621583403	-41.018495034304642	171.96258125014859
0.21550000000000016	-105.58342273885717	-73.061797250931548	178.64521998980641
0.21600000000000016	-76.482413873517146	-102.51684887552601	178.99926274906795
0.21650000000000016	-44.671977366966352	-128.34019001968358	173.01216738668097
0.21700000000000016	-11.279013791305864	-149.61701594933848	160.89602974068052
0.21750000000000017	22.513514470980791	-165.59358449852797	143.08007002758725
0.21800000000000017	55.508490259188754	-175.70391776139718	120.19542750225091
0.21850000000000017	86.537050106613904	-179.58985214167527	93.052802035104818
0.21900000000000017	114.49999181160402	-177.11372647663799	62.613734665076812
0.21950000000000017	138.40671422354146	-168.36325875242349	29.956544528922745
0.22000000000000017	157.41030978246314	-153.64843865064316	-3.7618711317827924
0.22050000000000017	170.83756664159262	-133.49054600936603	-37.347020632194308
0.22100000000000017	178.2128175326333	-108.60368422498101	-69.609133307626038
0.22150000000000017	179.27479051589441	-79.869482783360084	-99.405307732514999
0.22200000000000017	173.98586466900503	-48.305865095796939	-125.67999957319643
0.22250000000000017	162.5334028268463	-15.030988054682336	-147.50241477216031
0.22300000000000017	145.32311415971549	18.77636923186019	-164.09948339158024
0.22350000000000017	122.96468172371088	51.918564277541094	-174.88324600126452
0.22400000000000017	96.250164134508466	83.221518300072731	-179.47168243460132
0.22450000000000017	66.125936496031485	111.57630854734998	-177.70224504340845
0.22500000000000017	33.659164590584531	135.97845243879149	-169.63761702940891
0.22550000000000017	-1.0147365632508929e-009	155.56349186153528	-155.56349186055817
0.22600000000000017	-33.65916459257555	169.63761703005073	-135.97845243751621
0.22650000000000017	-66.125936497916058	177.70224504369355	-111.57630854582048
0.22700000000000017	-96.250164136219851	179.47168243451961	-83.221518298343156
0.22750000000000017	-122.9646817251903	174.8832460008183	-51.918564275670285
0.22800000000000017	-145.3231141609084	164.09948339078539	-18.776369229916682
0.22850000000000018	-162.5334028277093	147.50241477104646	15.03098805662715
0.22900000000000018	-173.98586466950911	125.679999571802	48.305865097676708
0.22950000000000018	-179.27479051602165	99.405307730889419	79.869482785108218
0.23000000000000018	-178.21281753237895	69.609133305824528	108.6036842265376
0.23050000000000018	-170.83756664096546	37.347020630282799	133.49054601067363
0.23100000000000018	-157.41030978148666	3.7618711298315604	153.6484386516542
0.23150000000000018	-138.40671422224946	-29.956544530847076	168.36325875310376
0.23200000000000018	-114.49999181004225	-62.613734666906062	177.11372647696345
0.23250000000000018	-86.537050104835458	-93.05280203677637	179.58985214163434
0.23300000000000018	-55.5084902572586	-120.19542750370319	175.70391776099086
0.23350000000000018	-22.513514468969852	-143.08007002876721	165.59358449777167
0.23400000000000018	11.279013793328785	-160.89602974154832	149.61701594825843
0.23450000000000018	44.671977368929589	-173.01216738720584	128.34019001831808
0.23500000000000018	76.482413875353458	-178.99926274923146	102.51684887392132
0.23550000000000018	105.583422740497	-178.6452199896024	73.061797249148611
0.23600000000000018	130.94408621722155	-171.9625812495845	41.018495032404552
0.23650000000000018	151.66599015849241	-159.18808233812319	7.5220921796693085
0.23700000000000018	167.01505078643763	-140.77426624778926	-26.240784538614303
0.23750000000000018	176.44751997615174	-117.37345159365306	-59.074068382470287
0.23800000000000018	179.62924780409972	-89.814623901144458	-89.814623902933533
0.23850000000000018	176.44751997575054	-59.074068380519364	-117.37345159521688
0.23900000000000018	167.01505078565037	-26.240784536573162	-140.77426624907088
0.23950000000000018	151.66599015734514	7.5220921817333242	-159.1880823390803
0.24000000000000019	130.94408621575587	41.018495034415793	-171.96258125018159
0.24050000000000019	105.58342273876482	73.061797251035841	-178.64521998981832
0.24100000000000019	76.482413873416149	102.51684887561767	-178.9992627490586
0.24150000000000019	44.671977366858243	128.34019001976168	-173.01216738665096
0.24200000000000019	11.279013791191923	149.61701594940166	-160.89602974062976
0.24250000000000019	-22.513514471094055	165.59358449857223	-143.08007002751822
0.24300000000000019	-55.508490259294895	175.70391776142037	-120.19542750216797
0.24350000000000019	-86.537050106711703	179.5898521416776	-93.05280203500935
0.24400000000000019	-114.49999181169002	177.11372647661938	-62.613734664972192
0.24450000000000019	-138.40671422361422	168.36325875238367	-29.956544528810177
0.24500000000000019	-157.41030978251814	153.64843865058404	3.761871131896934
0.24550000000000019	-170.83756664162709	133.49054600929134	37.347020632303483
0.24600000000000019	-178.21281753264731	108.60368422489211	69.609133307728925
0.24650000000000019	-179.27479051588739	79.869482783260111	99.405307732607952
0.24700000000000019	-173.98586466897666	48.305865095686976	125.67999957327798
0.24750000000000019	-162.53340282679767	15.030988054568569	147.50241477222548
0.24800000000000019	-145.32311415964989	-18.776369231971191	164.09948339162563
0.24850000000000019	-122.96468172362952	-51.918564277647938	174.88324600129002
0.24900000000000019	-96.250164134412074	-83.221518300173898	179.47168243460609
0.24950000000000019	-66.12593649592533	-111.57630854743947	177.70224504339177
0.25000000000000017	-33.659164590472386	-135.97845243886607	169.63761702937134
0.25050000000000017	1.123797858405338e-009	-155.5634918615898	155.56349186050363
0.25100000000000017	33.659164592685187	-169.63761703008743	135.97845243744328
0.25150000000000017	66.125936498019826	-177.70224504370987	111.57630854573301
0.25200000000000017	96.250164136314083	-179.47168243451492	83.221518298244249
0.25250000000000017	122.96468172526983	-174.88324600079338	51.918564275565885
0.25300000000000017	145.32311416097249	-164.099483390741	18.776369229808218
0.25350000000000017	162.53340282775682	-147.50241477098277	-15.030988056738375
0.25400000000000017	173.98586466953685	-125.67999957172226	-48.305865097784206
0.25450000000000017	179.27479051602867	-99.405307730796437	-79.869482785208191
0.25500000000000017	178.21281753236528	-69.609133305723986	-108.60368422662447
0.25550000000000017	170.83756664093099	-37.347020630173624	-133.49054601074832
0.25600000000000017	157.41030978143289	-3.761871129719971	-153.64843865171201
0.25650000000000017	138.40671422217829	29.956544530957125	-168.36325875314267
0.25700000000000017	114.49999180995626	62.613734667010682	-177.11372647698209
0.25750000000000017	86.537050104739876	93.052802036869664	-179.58985214163206
0.25800000000000017	55.508490257152452	120.19542750378614	-175.70391776096767
0.25850000000000017	22.513514468859121	143.08007002883468	-165.59358449772841
0.25900000000000017	-11.279013793440178	160.89602974159791	-149.61701594819667
0.25950000000000017	-44.671977369037698	173.01216738723585	-128.34019001823998
0.26000000000000018	-76.482413875452139	178.99926274924061	-102.51684887383176
0.26050000000000018	-105.58342274058728	178.64521998959071	-73.061797249046649
0.26100000000000018	-130.94408621729795	171.96258124955224	-41.018495032295881
0.26150000000000018	-151.66599015855221	159.1880823380715	-7.5220921795577933
0.26200000000000018	-167.0150507864787	140.77426624771994	26.240784538724721
0.26250000000000018	-176.44751997617217	117.37345159357049	59.07406838257328
0.26300000000000018	-179.62924780409972	89.81462390104781	89.814623903030196
0.26350000000000018	-176.44751997572962	59.074068380413955	117.37345159530138
0.26400000000000018	-167.0150507856093	26.240784536462748	140.7742662491402
0.26450000000000018	-151.66599015728673	-7.5220921818422894	159.18808233913083
0.26500000000000018	-130.94408621567948	-41.018495034524463	171.96258125021384
0.26550000000000018	-105.58342273867451	-73.061797251137804	178.64521998983
0.26600000000000018	-76.482413873315153	-102.51684887570933	178.99926274904928
0.26650000000000018	-44.671977366750134	-128.34019001983975	173.01216738662094
0.26700000000000018	-11.279013791083075	-149.617015949462	160.89602974058127
0.26750000000000018	22.51351447120479	-165.59358449861548	143.08007002745074
0.26800000000000018	55.50849025940105	-175.70391776144356	120.19542750208502
0.26850000000000018	86.537050106809517	-179.58985214167993	93.052802034913867
0.26900000000000018	114.49999181177603	-177.11372647660076	62.613734664867586
0.26950000000000018	138.40671422368374	-168.36325875234567	29.95654452870264
0.27000000000000018	157.41030978257191	-153.64843865052623	-3.7618711320085234
0.27050000000000018	170.8375666416616	-133.49054600921664	-37.347020632412658
0.27100000000000019	178.21281753266129	-108.6036842248032	-69.609133307831826
0.27150000000000019	179.2747905158804	-79.869482783160137	-99.405307732700919
0.27200000000000019	173.98586466894952	-48.305865095581936	-125.6799995733559
0.27250000000000019	162.53340282675015	-15.030988054457348	-147.50241477228917
0.27300000000000019	145.32311415958429	18.776369232082192	-164.09948339167101
0.27350000000000019	122.96468172354815	51.918564277754797	-174.88324600131551
0.27400000000000019	96.250164134319988	83.221518300270546	-179.47168243461067
0.27450000000000019	66.125936495823922	111.57630854752492	-177.70224504337583
0.27500000000000019	33.659164590362749	135.978452438939	-169.63761702933465
0.27550000000000019	-1.2379645238460733e-009	155.5634918616469	-155.56349186044656
0.27600000000000019	-33.659164592794824	169.63761703012415	-135.97845243737035
0.27650000000000019	-66.125936498123622	177.70224504372618	-111.57630854564555
0.27700000000000019	-96.25016413641049	179.47168243451014	-83.221518298143067
0.27750000000000019	-122.96468172535305	174.88324600076731	-51.918564275456589
0.27800000000000019	-145.3231141610396	164.09948339069459	-18.776369229694676
0.27850000000000019	-162.53340282780434	147.50241477091907	15.030988056849596
0.27900000000000019	-173.98586466956462	125.67999957164251	48.305865097891711
0.27950000000000019	-179.27479051603584	99.405307730701352	79.869482785310453
0.28000000000000019	-178.21281753235098	69.609133305618741	108.6036842267154
0.28050000000000019	-170.83756664089648	37.347020630064449	133.49054601082301
0.28100000000000019	-157.41030978137911	3.7618711296083815	153.64843865176982
0.28150000000000019	-138.40671422210715	-29.956544531067173	168.36325875318158
0.28200000000000019	-114.49999180986829	-62.613734667117683	177.11372647700111
0.2825000000000002	-86.537050104639832	-93.052802036967321	179.58985214162965
0.2830000000000002	-55.508490257046297	-120.19542750386907	175.70391776094445
0.2835000000000002	-22.513514468748383	-143.08007002890218	165.59358449768519
0.2840000000000002	11.279013793551572	-160.89602974164757	149.61701594813491
0.2845000000000002	44.67197736914828	-173.01216738726654	128.34019001816011
0.2850000000000002	76.482413875555437	-178.99926274925016	102.51684887373801
0.2855000000000002	105.58342274067758	-178.64521998957906	73.061797248944686
0.2860000000000002	130.94408621737435	-171.96258124951999	41.018495032187218
0.2865000000000002	151.66599015861337	-159.1880823380186	7.5220921794437263
0.2870000000000002	167.01505078652076	-140.77426624764902	-26.240784538837662
0.2875000000000002	176.44751997619358	-117.37345159348408	-59.074068382681091
0.2880000000000002	179.62924780409972	-89.814623900951148	-89.814623903126858
0.2885000000000002	176.4475199757087	-59.074068380308546	-117.37345159538587
0.2890000000000002	167.01505078556727	-26.240784536349807	-140.77426624921111
0.2895000000000002	151.66599015722554	7.5220921819563564	-159.18808233918372
0.2900000000000002	130.94408621560305	41.018495034633126	-171.9625812502461
0.2905000000000002	105.58342273858422	73.061797251239781	-178.64521998984165
0.2910000000000002	76.482413873214156	102.51684887580099	-178.99926274903996
0.2915000000000002	44.671977366639553	128.34019001991965	-173.01216738659025
0.2920000000000002	11.279013790969135	149.61701594952518	-160.89602974053051
0.2925000000000002	-22.513514471315528	165.59358449865874	-143.08007002738324
0.2930000000000002	-55.508490259507198	175.70391776146678	-120.19542750200209
0.29350000000000021	-86.537050106907316	179.58985214168226	-93.052802034818399
0.29400000000000021	-114.49999181186399	177.11372647658175	-62.613734664760578
0.29450000000000021	-138.40671422375652	168.36325875230588	-29.956544528590072
0.29500000000000021	-157.41030978262569	153.64843865046839	3.7618711321201133
0.29550000000000021	-170.83756664169607	133.49054600914198	37.347020632521833
0.29600000000000021	-178.21281753267561	108.60368422471225	69.609133307937071
0.29650000000000021	-179.27479051587321	79.869482783057876	99.405307732796004
0.29700000000000021	-173.98586466892112	48.305865095471972	125.67999957343747
0.29750000000000021	-162.53340282670263	15.030988054346125	147.50241477235286
0.29800000000000021	-145.32311415951867	-18.776369232193193	164.0994833917164
0.29850000000000021	-122.96468172346493	-51.918564277864093	174.88324600134158
0.29900000000000021	-96.250164134223596	-83.221518300371713	179.47168243461545
0.29950000000000021	-66.125936495717781	-111.5763085476144	177.70224504335917
0.30000000000000021	-33.659164590253113	-135.97845243901193	169.63761702929793
0.30050000000000021	1.3495785041436636e-009	-155.56349186170272	155.56349186039074
0.30100000000000021	33.659164592906968	-169.63761703016169	135.97845243729577
0.30150000000000021	66.125936498229763	-177.70224504374283	111.57630854555606
0.30200000000000021	96.250164136504722	-179.47168243450545	83.221518298044145
0.30250000000000021	122.9646817254344	-174.88324600074185	51.918564275349738
0.30300000000000021	145.3231141611052	-164.09948339064917	18.776369229583672
0.30350000000000021	162.53340282785297	-147.50241477085393	-15.030988056963361
0.30400000000000021	173.98586466959301	-125.67999957156094	-48.305865098001675
0.30450000000000021	179.27479051604286	-99.405307730608371	-79.869482785410426
0.30500000000000022	178.212817532337	-69.60913330551584	-108.6036842268043
0.30550000000000022	170.83756664086201	-37.347020629955274	-133.4905460108977
0.30600000000000022	157.41030978132412	-3.7618711294942395	-153.64843865182897
0.30650000000000022	138.4067142220344	29.956544531179741	-168.36325875322137
0.30700000000000022	114.4999918097823	62.613734667222296	-177.11372647701972
0.30750000000000022	86.537050104542033	93.05280203706279	-179.58985214162732
0.30800000000000022	55.508490256937719	120.19542750395391	-175.70391776092072
0.30850000000000022	22.513514468635115	143.08007002897119	-165.59358449764093
0.30900000000000022	-11.279013793665513	160.89602974169833	-149.61701594807172
0.30950000000000022	-44.671977369256382	173.01216738729656	-128.34019001808201
0.31000000000000022	-76.482413875656434	178.99926274925949	-102.51684887364637
0.31050000000000022	-105.58342274076995	178.64521998956712	-73.061797248840392
0.31100000000000022	-130.94408621745251	171.96258124948699	-41.018495032076068
0.31150000000000022	-151.6659901586732	159.1880823379669	-7.5220921793322102
0.31200000000000022	-167.01505078656183	140.77426624757967	26.24078453894808
0.31250000000000022	-176.44751997621447	117.37345159339958	59.0740683827865
0.31300000000000022	-179.62924780409972	89.814623900852268	89.814623903225709
0.31350000000000022	-176.44751997568733	59.074068380200735	117.37345159547228
0.31400000000000022	-167.01505078552617	26.240784536239389	140.77426624928043
0.31450000000000022	-151.66599015716574	-7.5220921820678717	159.18808233923542
0.31500000000000022	-130.94408621552665	-41.01849503474179	171.96258125027836
0.31550000000000022	-105.58342273849186	-73.061797251344061	178.64521998985362
0.31600000000000023	-76.482413873110872	-102.51684887589472	178.99926274903038
0.31650000000000023	-44.671977366531451	-128.34019001999775	173.01216738656024
0.31700000000000023	-11.279013790857741	-149.61701594958694	160.89602974048088
0.31750000000000023	22.513514471428792	-165.59358449870297	143.08007002731424
0.31800000000000023	55.508490259615776	-175.70391776149052	120.19542750191725
0.31850000000000023	86.53705010700736	-179.58985214168467	93.052802034720742
0.31900000000000023	114.49999181194998	-177.1137264765631	62.613734664655958
0.31950000000000023	138.40671422382766	-168.36325875226697	29.956544528480023
0.32000000000000023	157.41030978268068	-153.64843865040925	-3.7618711322342548
0.32050000000000023	170.83756664173137	-133.49054600906555	-37.347020632633502
0.32100000000000023	178.2128175326896	-108.60368422462335	-69.609133308039972
0.32150000000000023	179.27479051586621	-79.869482782957903	-99.405307732888986
0.32200000000000023	173.98586466889336	-48.305865095364467	-125.67999957351722
0.32250000000000023	162.53340282665403	-15.030988054232358	-147.50241477241801
0.32300000000000023	145.32311415945156	18.776369232306738	-164.09948339176287
0.32350000000000023	122.96468172338356	51.918564277970937	-174.88324600136707
0.32400000000000023	96.250164134129349	83.221518300470635	-179.47168243462013
0.32450000000000023	66.125936495613999	111.57630854770187	-177.70224504334286
0.32500000000000023	33.659164590140968	135.97845243908654	-169.63761702926038
0.32550000000000023	-1.4637451695843991e-009	155.56349186175979	-155.56349186033367
0.32600000000000023	-33.659164593016605	169.63761703019841	-135.97845243722284
0.32650000000000023	-66.12593649833353	177.70224504375915	-111.57630854546859
0.32700000000000023	-96.250164136601128	179.47168243450068	-83.221518297942978
0.32750000000000024	-122.96468172551764	174.88324600071576	-51.918564275240442
0.32800000000000024	-145.3231141611723	164.09948339060276	-18.776369229470134
0.32850000000000024	-162.53340282790049	147.50241477079021	15.030988057074586
0.32900000000000024	-173.98586466962078	125.67999957148119	48.305865098109173
0.32950000000000024	-179.27479051605002	99.405307730513286	79.869482785512687
0.33000000000000024	-178.21281753232267	69.609133305410595	108.60368422689524
0.33050000000000024	-170.83756664082674	37.347020629843605	133.4905460109741
0.33100000000000024	-157.41030978127034	3.7618711293826501	153.64843865188678
0.33150000000000024	-138.40671422196323	-29.95654453128979	168.36325875326028
0.33200000000000024	-114.49999180969432	-62.613734667329311	177.11372647703877
0.33250000000000024	-86.537050104441988	-93.052802037160447	179.58985214162493
0.33300000000000024	-55.508490256831564	-120.19542750403686	175.7039177608975
0.33350000000000024	-22.513514468524384	-143.08007002903869	165.59358449759767
0.33400000000000024	11.279013793776908	-160.89602974174795	149.61701594800996
0.33450000000000024	44.671977369366964	-173.01216738732725	128.34019001800215
0.33500000000000024	76.482413875759732	-178.99926274926904	102.5168488735526
0.33550000000000024	105.58342274086023	-178.64521998955547	73.061797248738429
0.33600000000000024	130.94408621752891	-171.96258124945473	41.018495031967404
0.33650000000000024	151.66599015873436	-159.18808233791401	7.5220921792181441
0.33700000000000024	167.01505078660384	-140.77426624750879	-26.240784539061025
0.33750000000000024	176.44751997623587	-117.37345159331316	-59.074068382894311
0.33800000000000024	179.62924780409972	-89.81462390075562	-89.814623903322371
0.33850000000000025	176.44751997566641	-59.074068380095326	-117.37345159555677
0.33900000000000025	167.01505078548414	-26.240784536126448	-140.77426624935134
0.33950000000000025	151.66599015710455	7.5220921821819386	-159.18808233928831
0.34000000000000025	130.94408621544849	41.01849503485294	-171.96258125031136
0.34050000000000025	105.58342273839949	73.061797251448368	-178.64521998986552
0.34100000000000025	76.482413873007559	102.51684887598847	-178.99926274902083
0.34150000000000025	44.671977366420869	128.34019002007761	-173.01216738652951
0.34200000000000025	11.2790137907438	149.61701594965012	-160.89602974043012
0.34250000000000025	-22.513514471539523	165.59358449874622	-143.08007002724673
0.34300000000000025	-55.508490259721931	175.70391776151374	-120.19542750183429
0.34350000000000025	-86.537050107105173	179.589852141687	-93.052802034625273
0.34400000000000025	-114.499991812036	177.11372647654449	-62.613734664551352
0.34450000000000025	-138.4067142238988	168.36325875222806	-29.956544528369975
0.34500000000000025	-157.41030978273568	153.6484386503501	3.7618711323483964
0.34550000000000025	-170.83756664176664	133.49054600898918	37.347020632745171
0.34600000000000025	-178.21281753270389	108.60368422453038	69.609133308145204
0.34650000000000025	-179.27479051585902	79.869482782853353	99.40530773298407
0.34700000000000025	-173.98586466886499	48.305865095252052	125.67999957359879
0.34750000000000025	-162.5334028266065	15.030988054118591	147.50241477248173
0.34800000000000025	-145.32311415938597	-18.776369232420279	164.09948339180826
0.34850000000000025	-122.96468172330222	-51.918564278080233	174.88324600139256
0.34900000000000025	-96.250164134035117	-83.221518300571802	179.4716824346248
0.34950000000000025	-66.125936495510217	-111.57630854779133	177.70224504332654
0.35000000000000026	-33.659164590028823	-135.97845243916279	169.63761702922287
0.35050000000000026	1.5779118350251343e-009	-155.56349186181814	155.5634918602766
0.35100000000000026	33.65916459312875	-169.63761703023678	135.97845243714823
0.35150000000000026	66.125936498439685	-177.70224504377617	111.57630854537912
0.35200000000000026	96.250164136695361	-179.4716824344959	83.221518297844057
0.35250000000000026	122.96468172559898	-174.8832460006897	51.918564275133598
0.35300000000000026	145.32311416123792	-164.09948339055632	18.77636922935913
0.35350000000000026	162.53340282794798	-147.50241477072504	-15.030988057185807
0.35400000000000026	173.98586466964852	-125.67999957139963	-48.305865098216678
0.35450000000000026	179.27479051605721	-99.405307730416069	-79.869482785614949
0.35500000000000026	178.21281753230838	-69.609133305303004	-108.60368422698619
0.35550000000000026	170.83756664079147	-37.347020629729435	-133.49054601105047
0.35600000000000026	157.41030978121535	-3.7618711292659563	-153.64843865194592
0.35650000000000026	138.40671422189047	29.956544531404877	-168.36325875330007
0.35700000000000026	114.49999180960832	62.613734667436312	-177.11372647705738
0.35750000000000026	86.537050104344175	93.05280203725809	-179.5898521416226
0.35800000000000026	55.508490256725416	120.19542750412171	-175.7039177608743
0.35850000000000026	22.513514468413653	143.0800700291077	-165.59358449755445
0.35900000000000026	-11.279013793888302	160.89602974179871	-149.6170159479482
0.35950000000000026	-44.671977369477545	173.01216738735866	-128.34019001792225
0.36000000000000026	-76.482413875863045	178.99926274927881	-102.51684887345888
0.36050000000000026	-105.58342274095261	178.64521998954325	-73.061797248634136
0.36100000000000027	-130.94408621760707	171.96258124942099	-41.018495031856247
0.36150000000000027	-151.66599015879419	159.18808233786109	-7.5220921791066271
0.36200000000000027	-167.01505078664496	140.77426624743788	26.240784539171436
0.36250000000000027	-176.44751997625679	117.37345159322673	59.07406838299972
0.36300000000000027	-179.62924780409972	89.814623900656741	89.814623903419033
0.36350000000000027	-176.44751997564546	59.074068379987509	117.37345159564127
0.36400000000000027	-167.01505078544213	26.240784536010977	140.77426624942225
0.36450000000000027	-151.66599015704338	-7.5220921822985556	159.18808233934121
0.36500000000000027	-130.94408621537036	-41.01849503496657	171.96258125034436
0.36550000000000027	-105.58342273830918	-73.061797251552662	178.64521998987721
0.36600000000000027	-76.482413872906577	-102.51684887608222	178.99926274901148
0.36650000000000027	-44.67197736631276	-128.34019002015748	173.0121673864995
0.36700000000000027	-11.279013790632407	-149.61701594971331	160.8960297403805
0.36750000000000027	22.513514471650257	-165.59358449879045	143.08007002717926
0.36800000000000027	55.508490259828079	-175.70391776153747	120.19542750175134
0.36850000000000027	86.537050107202987	-179.58985214168939	93.052802034529805
0.36900000000000027	114.49999181212593	-177.11372647652459	62.613734664441949
0.36950000000000027	138.40671422397321	-168.36325875218648	29.956544528254888
0.37000000000000027	157.41030978278945	-153.64843865029098	-3.7618711324599863
0.37050000000000027	170.83756664180115	-133.49054600891279	-37.347020632854353
0.37100000000000027	178.21281753271788	-108.60368422444148	-69.609133308248104
0.37150000000000027	179.27479051585203	-79.86948278275338	-99.405307733077024
0.37200000000000027	173.98586466883722	-48.305865095144554	-125.67999957367854
0.37250000000000028	162.53340282655898	-15.03098805400737	-147.50241477254542
0.37300000000000028	145.32311415932037	18.77636923253128	-164.09948339185365
0.37350000000000028	122.96468172321713	51.918564278191973	-174.88324600141922
0.37400000000000028	96.250164133936565	83.221518300675243	-179.47168243462968
0.37450000000000028	66.125936495401703	111.5763085478828	-177.70224504330952
0.37500000000000028	33.659164589919186	135.97845243923572	-169.63761702918615
0.37550000000000028	-1.6895258153227246e-009	155.56349186187396	-155.56349186022078
0.37600000000000028	-33.659164593238387	169.63761703027347	-135.9784524370753
0.37650000000000028	-66.125936498543467	177.70224504379249	-111.57630854529165
0.37700000000000028	-96.250164136789579	179.47168243449124	-83.221518297745149
0.37750000000000028	-122.96468172568035	174.8832460006642	-51.918564275026739
0.37800000000000028	-145.32311416130352	164.0994833905109	-18.776369229248125
0.37850000000000028	-162.53340282799769	147.50241477065845	15.030988057302119
0.37900000000000028	-173.98586466967757	125.67999957131624	48.305865098329093
0.37950000000000028	-179.2747905160642	99.405307730323116	79.869482785714922
0.38000000000000028	-178.21281753229437	69.609133305200103	108.60368422707509
0.38050000000000028	-170.83756664075696	37.34702062962026	133.49054601112516
0.38100000000000028	-157.41030978116157	3.7618711291543669	153.64843865200376
0.38150000000000028	-138.40671422181933	-29.956544531514929	168.36325875333898
0.38200000000000028	-114.49999180952231	-62.613734667540925	177.113726477076
0.38250000000000028	-86.537050104246376	-93.052802037353572	179.58985214162027
0.38300000000000028	-55.508490256614408	-120.19542750420844	175.70391776085003
0.38350000000000029	-22.513514468297853	-143.08007002917827	165.5935844975092
0.38400000000000029	11.27901379400479	-160.89602974185061	149.6170159478836
0.38450000000000029	44.671977369585655	-173.01216738738867	128.34019001784415
0.38500000000000029	76.482413875964028	-178.99926274928816	102.51684887336722
0.38550000000000029	105.58342274104291	-178.6452199895316	73.061797248532159
0.38600000000000029	130.94408621768346	-171.96258124938871	41.018495031747584
0.38650000000000029	151.66599015885396	-159.18808233780939	7.5220921789951118
0.38700000000000029	167.01505078668603	-140.77426624736853	-26.240784539281854
0.38750000000000029	176.44751997627768	-117.37345159314224	-59.074068383105121
0.38800000000000029	179.62924780409972	-89.814623900555659	-89.814623903520129
0.38850000000000029	176.44751997562361	-59.074068379877282	-117.37345159572962
0.38900000000000029	167.01505078540103	-26.240784535900566	-140.77426624949157
0.38950000000000029	151.66599015698358	7.5220921824100717	-159.18808233939293
0.39000000000000029	130.94408621529394	41.01849503507524	-171.96258125037662
0.39050000000000029	105.5834227382189	73.061797251654625	-178.64521998988886
0.39100000000000029	76.48241387280558	102.51684887617388	-178.99926274900216
0.39150000000000029	44.671977366204658	128.34019002023558	-173.01216738646949
0.39200000000000029	11.279013790521013	149.61701594977507	-160.89602974033085
0.39250000000000029	-22.513514471760988	165.59358449883371	-143.08007002711179
0.39300000000000029	-55.508490259939087	175.70391776156174	-120.19542750166461
0.39350000000000029	-86.537050107305262	179.58985214169184	-93.052802034429973
0.39400000000000029	-114.49999181221193	177.113726476506	-62.613734664337329
0.39450000000000029	-138.40671422404435	168.36325875214757	-29.956544528144839
0.3950000000000003	-157.41030978284323	153.64843865023317	3.7618711325715752
0.3955000000000003	-170.83756664183562	133.49054600883809	37.347020632963527
0.3960000000000003	-178.21281753273189	108.60368422435258	69.609133308350991
0.3965000000000003	-179.27479051584504	79.869482782653407	99.405307733169991
0.3970000000000003	-173.98586466880948	48.305865095037049	125.67999957375827
0.3975000000000003	-162.53340282650927	15.030988053891058	147.50241477261204
0.3980000000000003	-145.32311415925176	-18.776369232647362	164.09948339190112
0.3985000000000003	-122.96468172313575	-51.918564278298824	174.88324600144469
0.3990000000000003	-96.250164133842333	-83.22151830077415	179.47168243463437
0.3995000000000003	-66.125936495297921	-111.57630854797029	177.7022450432932
0.4000000000000003	-33.659164589809549	-135.97845243930865	169.63761702914945
0.4005000000000003	1.801139795620315e-009	-155.56349186192975	155.56349186016496
0.4010000000000003	33.659164593348024	-169.6376170303102	135.97845243700237
0.4015000000000003	66.125936498647235	-177.7022450438088	111.57630854520418
0.4020000000000003	96.250164136883839	-179.47168243448655	83.221518297646242
0.4025000000000003	122.96468172576544	-174.88324600063754	51.918564274914999
0.4030000000000003	145.32311416137213	-164.09948339046343	18.776369229132047
0.4035000000000003	162.53340282804521	-147.50241477059475	-15.030988057413341
0.4040000000000003	173.98586466970534	-125.67999957123649	-48.305865098436598
0.4045000000000003	179.27479051607119	-99.405307730230135	-79.869482785814895
0.4050000000000003	178.21281753228041	-69.609133305097203	-108.603684227164
0.4055000000000003	170.83756664072246	-37.347020629511078	-133.49054601119985
0.40600000000000031	157.41030978110783	-3.7618711290427775	-153.64843865206157
0.40650000000000031	138.40671422174816	29.956544531624981	-168.36325875337789
0.40700000000000031	114.49999180943237	62.613734667650327	-177.11372647709547
0.40750000000000031	86.537050104144086	93.052802037453404	-179.58985214161783
0.40800000000000031	55.50849025650826	120.19542750429139	-175.70391776082681
0.40850000000000031	22.513514468187115	143.08007002924575	-165.59358449746594
0.40900000000000031	-11.279013794116183	160.89602974190024	-149.61701594782184
0.40950000000000031	-44.671977369693764	173.01216738741869	-128.34019001776608
0.41000000000000031	-76.482413876065024	178.99926274929751	-102.51684887327556
0.41050000000000031	-105.58342274113319	178.64521998951992	-73.06179724843021
0.41100000000000031	-130.94408621775986	171.96258124935648	-41.018495031638921
0.41150000000000031	-151.66599015891379	159.18808233775766	-7.5220921788835948
0.41200000000000031	-167.01505078672898	140.77426624729603	26.240784539397325
0.41250000000000031	-176.44751997629956	117.37345159305389	59.074068383215348
0.41300000000000031	-179.62924780409972	89.814623900458997	89.814623903616791
0.41350000000000031	-176.44751997560269	59.074068379771873	117.37345159581412
0.41400000000000031	-167.01505078535993	26.240784535790148	140.77426624956092
0.41450000000000031	-151.66599015692378	-7.5220921825215878	159.18808233944463
0.41500000000000031	-130.94408621521754	-41.018495035183903	171.9625812504089
0.41550000000000031	-105.5834227381286	-73.061797251756602	178.64521998990054
0.41600000000000031	-76.482413872704583	-102.51684887626551	178.99926274899283
0.41650000000000031	-44.671977366091596	-128.34019002031724	173.01216738643811
0.41700000000000031	-11.279013790404521	-149.61701594983967	160.89602974027898
0.41750000000000032	22.513514471876793	-165.59358449887895	143.08007002704122
0.41800000000000032	55.508490260045235	-175.70391776158493	120.19542750158168
0.41850000000000032	86.537050107403076	-179.58985214169417	93.052802034334505
0.41900000000000032	114.49999181229792	-177.11372647648739	62.613734664232723
0.41950000000000032	138.40671422411552	-168.36325875210869	29.956544528034783
0.42000000000000032	157.410309782897	-153.64843865017534	-3.7618711326831646
0.42050000000000032	170.83756664187013	-133.4905460087634	-37.347020633072702
0.42100000000000032	178.21281753274587	-108.60368422426369	-69.609133308453892
0.42150000000000032	179.27479051583768	-79.869482782548857	-99.405307733267222
0.42200000000000032	173.98586466878044	-48.305865094924634	-125.67999957384167
0.42250000000000032	162.53340282646175	-15.030988053779836	-147.50241477267573
0.42300000000000032	145.32311415918616	18.776369232758363	-164.09948339194651
0.42350000000000032	122.96468172305441	51.918564278405668	-174.88324600147018
0.42400000000000032	96.250164133748086	83.221518300873072	-179.47168243463904
0.42450000000000032	66.125936495194154	111.57630854805775	-177.70224504327689
0.42500000000000032	33.659164589699913	135.97845243938158	-169.63761702911273
0.42550000000000032	-1.9127537759179054e-009	155.56349186198554	-155.56349186010917
0.42600000000000032	-33.659164593462677	169.63761703034859	-135.97845243692612
0.42650000000000032	-66.125936498755763	177.70224504382585	-111.57630854511271
0.42700000000000032	-96.250164136982377	179.47168243448166	-83.221518297542801
0.42750000000000032	-122.9646817258468	174.88324600061208	-51.918564274808155
0.42800000000000032	-145.32311416143773	164.09948339041804	-18.776369229021046
0.42850000000000033	-162.53340282809273	147.50241477053103	15.030988057524564
0.42900000000000033	-173.98586466973308	125.67999957115674	48.305865098544096
0.42950000000000033	-179.27479051607821	99.405307730137167	79.869482785914869
0.43000000000000033	-178.2128175322664	69.609133304994316	108.6036842272529
0.43050000000000033	-170.83756664068798	37.347020629401911	133.49054601127455
0.43100000000000033	-157.41030978105158	3.7618711289260842	153.64843865212202
0.43150000000000033	-138.40671422167378	-29.956544531740064	168.36325875341856
0.43200000000000033	-114.49999180934638	-62.61373466775494	177.11372647711408
0.43250000000000033	-86.537050104046273	-93.052802037548872	179.58985214161549
0.43300000000000033	-55.508490256402105	-120.19542750437432	175.70391776080362
0.43350000000000033	-22.513514468076384	-143.08007002931325	165.59358449742268
0.43400000000000033	11.279013794227577	-160.89602974194986	149.61701594776005
0.43450000000000033	44.671977369801866	-173.0121673874487	128.34019001768797
0.43500000000000033	76.482413876166007	-178.99926274930684	102.5168488731839
0.43550000000000033	105.58342274122762	-178.64521998950772	73.061797248323572
0.43600000000000033	130.94408621783978	-171.96258124932274	41.018495031525291
0.43650000000000033	151.66599015897631	-159.18808233770361	7.5220921787669788
0.43700000000000033	167.0150507867701	-140.77426624722671	-26.240784539507739
0.43750000000000033	176.44751997632048	-117.37345159296939	-59.074068383320757
0.43800000000000033	179.62924780409972	-89.814623900362349	-89.814623903713439
0.43850000000000033	176.44751997558177	-59.074068379666478	-117.3734515958986
0.43900000000000033	167.01505078531886	-26.240784535679733	-140.77426624963024
0.43950000000000033	151.66599015686396	7.522092182633104	-159.18808233949633
0.44000000000000034	130.94408621514114	41.018495035292567	-171.96258125044113
0.44050000000000034	105.58342273803417	73.061797251863226	-178.64521998991273
0.44100000000000034	76.482413872598968	102.51684887636137	-178.99926274898306
0.44150000000000034	44.671977365983494	128.34019002039534	-173.01216738640809
0.44200000000000034	11.279013790293128	149.61701594990143	-160.89602974022932
0.44250000000000034	-22.513514471987527	165.59358449892218	-143.08007002697374
0.44300000000000034	-55.50849026015139	175.70391776160815	-120.19542750149873
0.44350000000000034	-86.537050107500875	179.5898521416965	-93.052802034239022
0.44400000000000034	-114.49999181238393	177.11372647646877	-62.61373466412811
0.44450000000000034	-138.40671422418666	168.36325875206978	-29.956544527924734
0.44500000000000034	-157.41030978295322	153.64843865011485	3.7618711327998584
0.44550000000000034	-170.83756664190619	133.49054600868533	37.347020633186865
0.44600000000000034	-178.21281753276051	108.60368422417071	69.609133308561482
0.44650000000000034	-179.27479051583069	79.869482782448884	99.405307733360175
0.44700000000000034	-173.9858646687527	48.305865094817129	125.67999957392142
0.44750000000000034	-162.53340282641423	15.030988053668613	147.50241477273943
0.44800000000000034	-145.32311415912054	-18.776369232869367	164.09948339199192
0.44850000000000034	-122.96468172297304	-51.91856427851252	174.88324600149568
0.44900000000000034	-96.250164133653854	-83.221518300971994	179.4716824346437
0.44950000000000034	-66.125936495090372	-111.57630854814522	177.70224504326058
0.45000000000000034	-33.659164589585259	-135.97845243945784	169.63761702907433
0.45050000000000034	2.0294731265017859e-009	-155.56349186204392	155.56349186005079
0.45100000000000035	33.659164593572314	-169.63761703038529	135.97845243685319
0.45150000000000035	66.125936498859531	-177.70224504384217	111.57630854502524
0.45200000000000035	96.250164137076624	-179.471682434477	83.221518297443893
0.45250000000000035	122.96468172592816	-174.88324600058658	51.918564274701303
0.45300000000000035	145.32311416150333	-164.09948339037265	18.776369228910042
0.45350000000000035	162.53340282814025	-147.50241477046734	-15.030988057635785
0.45400000000000035	173.98586466976082	-125.67999957107699	-48.305865098651601
0.45450000000000035	179.27479051608555	-99.405307730039965	-79.869482786019418
0.45500000000000035	178.21281753225179	-69.609133304886726	-108.60368422734588
0.45550000000000035	170.83756664065191	-37.347020629287741	-133.49054601135262
0.45600000000000035	157.41030978099781	-3.7618711288144944	-153.64843865217983
0.45650000000000035	138.40671422160264	29.956544531850117	-168.36325875345747
0.45700000000000035	114.49999180926039	62.613734667859546	-177.1137264771327
0.45750000000000035	86.537050103948474	93.052802037644341	-179.58985214161314
0.45800000000000035	55.508490256295957	120.19542750445727	-175.7039177607804
0.45850000000000035	22.513514467965649	143.08007002938072	-165.59358449737942
0.45900000000000035	-11.279013794338971	160.89602974199948	-149.61701594769829
0.45950000000000035	-44.67197736991492	173.01216738748008	-128.34019001760632
0.46000000000000035	-76.482413876271622	178.99926274931661	-102.51684887308808
0.46050000000000035	-105.58342274131792	178.64521998949604	-73.061797248221609
0.46100000000000035	-130.94408621791618	171.96258124929048	-41.01849503141662
0.46150000000000035	-151.66599015903611	159.18808233765191	-7.5220921786554626
0.46200000000000035	-167.01505078681117	140.77426624715739	26.240784539618158
0.46250000000000036	-176.4475199763414	117.37345159288492	59.074068383426166
0.46300000000000036	-179.62924780409972	89.814623900265687	89.814623903810102
0.46350000000000036	-176.44751997556085	59.074068379561069	117.3734515959831
0.46400000000000036	-167.01505078527777	26.240784535569315	140.77426624969959
0.46450000000000036	-151.66599015680143	-7.52209218274972	159.18808233955042
0.46500000000000036	-130.94408621506125	-41.018495035406204	171.96258125047487
0.46550000000000036	-105.58342273794386	-73.061797251965189	178.64521998992441
0.46600000000000036	-76.482413872497986	-102.51684887645301	178.99926274897371
0.46650000000000036	-44.671977365875385	-128.34019002047344	173.01216738637808
0.46700000000000036	-11.279013790181736	-149.61701594996319	160.8960297401797
0.46750000000000036	22.513514472098258	-165.59358449896544	143.08007002690627
0.46800000000000036	55.508490260257538	-175.70391776163135	120.19542750141576
0.46850000000000036	86.537050107598688	-179.58985214169886	93.052802034143554
0.46900000000000036	114.49999181247387	-177.1137264764493	62.613734664018708
0.46950000000000036	138.40671422426107	-168.36325875202908	29.956544527809648
0.47000000000000036	157.41030978300699	-153.64843865005705	-3.7618711329114483
0.47050000000000036	170.83756664194067	-133.49054600861064	-37.347020633296047
0.47100000000000036	178.21281753277449	-108.6036842240818	-69.609133308664383
0.47150000000000036	179.27479051582367	-79.869482782348911	-99.405307733453142
0.47200000000000036	173.98586466872493	-48.305865094709624	-125.67999957400116
0.47250000000000036	162.53340282636671	-15.030988053557392	-147.50241477280312
0.47300000000000036	145.32311415905494	18.776369232980368	-164.09948339203731
0.47350000000000037	122.96468172289167	51.918564278619378	-174.88324600152117
0.47400000000000037	96.250164133555288	83.22151830107542	-179.47168243464859
0.47450000000000037	66.125936494981843	111.5763085482367	-177.70224504324352
0.47500000000000037	33.659164589475623	135.9784524395308	-169.63761702903764
0.47550000000000037	-2.1410871067993758e-009	155.56349186209974	-155.563491859995
0.47600000000000037	-33.65916459368195	169.63761703042201	-135.97845243678026
0.47650000000000037	-66.125936498963313	177.70224504385848	-111.57630854493777
0.47700000000000037	-96.250164137170856	179.47168243447231	-83.221518297344986
0.47750000000000037	-122.96468172600952	174.88324600056109	-51.918564274594452
0.47800000000000037	-145.32311416156895	164.09948339032726	-18.776369228799037
0.47850000000000037	-162.53340282818996	147.50241477040075	15.030988057752094
0.47900000000000037	-173.98586466978986	125.67999957099362	48.305865098764016
0.47950000000000037	-179.27479051609257	99.405307729946998	79.869482786119391
0.48000000000000037	-178.21281753223778	69.609133304783825	108.60368422743475
0.48050000000000037	-170.83756664061741	37.347020629178566	133.49054601142731
0.48100000000000037	-157.41030978094406	3.761871128702905	153.64843865223767
0.48150000000000037	-138.4067142215315	-29.956544531960166	168.36325875349638
0.48200000000000037	-114.49999180917438	-62.613734667964167	177.11372647715129
0.48250000000000037	-86.537050103850675	-93.052802037739809	179.58985214161081
0.48300000000000037	-55.508490256189802	-120.19542750454023	175.70391776075721
0.48350000000000037	-22.513514467849852	-143.08007002945129	165.59358449733421
0.48400000000000037	11.279013794455459	-160.89602974205138	149.61701594763369
0.48450000000000037	44.671977370023029	-173.01216738751009	128.34019001752822
0.48500000000000038	76.482413876372604	-178.99926274932594	102.51684887299642
0.48550000000000038	105.58342274140823	-178.64521998948439	73.061797248119646
0.48600000000000038	130.94408621799258	-171.96258124925822	41.018495031307957
0.48650000000000038	151.66599015909594	-159.18808233760018	7.5220921785439465
0.48700000000000038	167.01505078685224	-140.77426624708806	-26.240784539728569
0.48750000000000038	176.44751997636232	-117.37345159280042	-59.074068383531575
0.48800000000000038	179.62924780409972	-89.814623900164605	-89.814623903911183
0.48850000000000038	176.447519975539	-59.07406837945085	-117.37345159607145
0.48900000000000038	167.01505078523479	-26.240784535453844	-140.77426624977207
0.48950000000000038	151.66599015674163	7.522092182861237	-159.18808233960212
0.49000000000000038	130.94408621498482	41.018495035514874	-171.96258125050713
0.49050000000000038	105.58342273785357	73.061797252067151	-178.64521998993607
0.49100000000000038	76.48241387239699	102.51684887654467	-178.99926274896436
0.49150000000000038	44.671977365767276	128.34019002055152	-173.01216738634807
0.49200000000000038	11.279013790070342	149.61701595002498	-160.89602974013007
0.49250000000000038	-22.513514472208993	165.5935844990087	-143.08007002683877
0.49300000000000038	-55.508490260368546	175.70391776165562	-120.19542750132904
0.49350000000000038	-86.537050107700964	179.5898521417013	-93.052802034043722
0.49400000000000038	-114.49999181255986	177.11372647643068	-62.613734663914094
0.49450000000000038	-138.40671422433218	168.36325875199017	-29.956544527699599
0.49500000000000038	-157.41030978306077	153.64843864999924	3.7618711330230377
0.49550000000000038	-170.83756664197517	133.49054600853594	37.347020633405215
0.49600000000000039	-178.21281753278845	108.6036842239929	69.609133308767269
0.49650000000000039	-179.27479051581668	79.869482782248937	99.405307733546124
0.49700000000000039	-173.98586466869716	48.305865094602112	125.67999957408091
0.49750000000000039	-162.533402826317	15.030988053441083	147.50241477286974
0.49800000000000039	-145.32311415898636	-18.77636923309645	164.09948339208478
0.49850000000000039	-122.9646817228066	-51.918564278731104	174.8832460015478
0.49900000000000039	-96.25016413346107	-83.221518301174342	179.47168243465327
0.49950000000000039	-66.125936494878076	-111.57630854832416	177.70224504322721
0.50000000000000033	-33.659164589365986	-135.97845243960373	169.63761702900092
